VARS   INDEX X_AXIS Y_AXIS DX DY X_PPM Y_PPM X_HZ Y_HZ XW YW XW_HZ YW_HZ X1 X3 Y1 Y3 HEIGHT DHEIGHT VOL PCHI2 TYPE ASS CLUSTID MEMCNT
FORMAT %5d %9.3f %9.3f %6.3f %6.3f %8.3f %8.3f %9.3f %9.3f %7.3f %7.3f %8.3f %8.3f %4d %4d %4d %4d %+e %+e %+e %.5f %d %s %4d %4d

NULLVALUE -666
NULLSTRING *

    1   179.125    54.345  0.030  0.027   14.544  164.178 13085.961 14970.694   5.420   4.335   26.256   18.629  175  183   51   57 +2.377726e+06 +4.006712e+03 +6.759347e+07 0.00000 1 U40    1    1
    2   319.437    89.462  0.036  0.021   13.788  162.523 12406.283 14819.799   5.474   4.197   26.517   18.035  315  323   86   92 +3.448993e+06 +4.099427e+03 +9.319129e+07 0.00000 1 U4    2    1
    3   482.907    91.195  0.012  0.009   12.908  162.441 11614.425 14812.354   5.022   4.023   24.328   17.286  479  487   88   94 +4.901428e+06 +3.979074e+03 +1.228053e+08 0.00000 1 U5    3    1
    4   418.402    95.882  0.025  0.009   13.256  162.220 11926.890 14792.214   5.536   4.073   26.818   17.502  414  422   93   99 +4.479298e+06 +4.002539e+03 +1.299748e+08 0.00000 1 U7    4    3
    5   425.701    96.985  0.013  0.005   13.216  162.168 11891.532 14787.473   5.091   3.976   24.661   17.086  422  430   94  100 +6.404702e+06 +3.985668e+03 +1.666944e+08 0.00000 1 U76    4    3
    6   442.929    98.641  0.014  0.014   13.123  162.090 11808.078 14780.356   5.045   4.138   24.438   17.779  439  447   96  102 +4.230716e+06 +4.018197e+03 +1.083837e+08 0.00000 1 U85    4    3
    7   306.804   102.946  0.041  0.017   13.856  161.887 12467.477 14761.858   5.838   4.083   28.278   17.542  303  311  100  106 +2.186854e+06 +3.962134e+03 +6.287088e+07 0.00000 1 U62    5    1
    8   709.966   157.903  0.264  0.138   11.686  159.298 10514.534 14525.715   7.411   5.242   35.900   22.524  705  715  154  162 +4.525633e+05 +3.945423e+03 +2.278497e+07 0.00000 1 U50    6    1
    9   673.768   164.074  0.013  0.006   11.881  159.007 10689.879 14499.200   5.315   4.060   25.745   17.445  670  678  161  167 +5.953732e+06 +3.972842e+03 +1.614496e+08 0.00000 1 U68    7    1
   10   424.550   372.102  0.077  0.021   13.222  149.204 11897.105 13605.329   6.499   4.470   31.480   19.206  420  430  369  375 +2.194154e+06 +3.989769e+03 +8.104206e+07 0.00000 1 G60    8    3
   11   405.195   374.658  0.121  0.074   13.327  149.084 11990.864 13594.346   6.851   4.752   33.188   20.418  400  410  372  378 +1.029515e+06 +3.992578e+03 +4.051148e+07 0.00000 1 G1    8    3
   12   421.254   385.413  0.030  0.026   13.240  148.577 11913.074 13548.137   5.432   4.462   26.313   19.172  417  425  382  388 +2.926174e+06 +4.036122e+03 +8.411062e+07 0.00000 1 G89    8    3
   13   553.066   389.069  0.108  0.049   12.531  148.405 11274.567 13532.426   6.747   4.518   32.684   19.415  548  558  386  392 +9.346765e+05 +3.948668e+03 +3.516738e+07 0.00000 1 None    9    1
   14   496.771   391.122  0.111  0.053   12.834  148.308 11547.262 13523.604   7.213   5.409   34.939   23.244  492  502  387  395 +1.291812e+06 +3.957072e+03 +7.043780e+07 0.00000 1 G51   10    3
   15   588.912   396.998  0.013  0.008   12.338  148.031 11100.929 13498.355   5.843   4.539   28.302   19.502  585  593  394  400 +5.852776e+06 +3.951249e+03 +1.872742e+08 0.00000 1 G13   11    6
   16   503.455   398.443  0.059  0.032   12.798  147.963 11514.886 13492.146   6.108   4.552   29.587   19.560  499  507  395  401 +2.649395e+06 +4.067004e+03 +8.397382e+07 0.00000 1 G88   10    3
   17   574.404   398.304  0.085  0.042   12.416  147.969 11171.205 13492.744   6.469   4.915   31.336   21.117  569  579  395  401 +1.853124e+06 +4.006224e+03 +7.250872e+07 0.00000 1 G33   11    6
   18   595.725   399.138  0.054  0.021   12.301  147.930 11067.928 13489.159   7.068   4.972   34.237   21.366  591  601  395  403 +2.789425e+06 +3.965257e+03 +1.537531e+08 0.00000 1 G8   11    6
   19   663.184   401.252  0.016  0.012   11.938  147.831 10741.147 13480.075   5.260   4.350   25.482   18.693  659  667  398  404 +4.463992e+06 +3.988938e+03 +1.241280e+08 0.00000 1 None   12    1
   20   621.756   405.037  0.027  0.011   12.161  147.652 10941.830 13463.814   6.265   4.620   30.349   19.853  618  626  402  408 +4.168810e+06 +3.961591e+03 +1.471121e+08 0.00000 1 G34   11    6
   21   627.931   405.811  0.054  0.020   12.127  147.616 10911.917 13460.488   8.093   4.603   39.201   19.779  622  634  403  409 +2.713322e+06 +3.957822e+03 +1.546647e+08 0.00000 1 G12   11    6
   22   733.327   422.392  1.499  0.437   11.560  146.834 10401.373 13389.241   9.207   4.759   44.599   20.447  731  736  421  423 +1.895682e+05 +4.005767e+03 +2.941644e+06 0.00000 1 None   13    1
   23   962.418   425.084  0.279  0.094   10.327  146.708  9291.645 13377.675   6.979   5.234   33.806   22.492  957  967  421  429 +6.626270e+05 +3.973771e+03 +3.127463e+07 0.00000 1 G63   14    1
   24   771.754   458.059  0.024  0.012   11.353  145.154 10215.231 13235.983   5.377   4.356   26.046   18.718  768  776  455  461 +3.416403e+06 +3.970157e+03 +9.894834e+07 0.00000 1 G61   15    1
   25   861.095   462.800  0.070  0.045   10.872  144.930  9782.456 13215.613   6.275   4.674   30.399   20.082  857  865  460  466 +1.285619e+06 +3.962859e+03 +4.307858e+07 0.00000 1 G21   16    2
   26   964.780   467.177  0.025  0.017   10.314  144.724  9280.202 13196.807   5.440   4.705   26.353   20.215  961  969  464  470 +3.276948e+06 +3.973778e+03 +9.957301e+07 0.00000 1 G39   17    1
   27   493.566   388.672  0.036  0.021   12.851  148.423 11562.788 13534.132   5.843   4.518   28.304   19.413  489  498  385  392 +9.669957e+05 +5.283096e+03 +0.000000e+00 0.00000 1 G49   10    3
   28   618.342   400.543  0.036  0.021   12.179  147.864 10958.367 13483.121   5.843   4.518   28.304   19.413  613  622  397  404 +1.934443e+06 +5.283100e+03 +0.000000e+00 0.00000 1 G14   11    6
