REMARK SeriesTab Input: ass.tab Output: axt.tab
REMARK Mode: Maximum Dimensions: 2
REMARK Input Region:    X +/- 9 X-ZF: 64
REMARK Analysis Region: X +/- 9
REMARK Input Region:    Y +/- 6 Y-ZF: 64
REMARK Analysis Region: Y +/- 6

VARS   INDEX X_AXIS Y_AXIS DX DY X_PPM Y_PPM X_HZ Y_HZ XW YW XW_HZ YW_HZ X1 X3 Y1 Y3 HEIGHT DHEIGHT VOL PCHI2 TYPE ASS CLUSTID MEMCNT Z_A0 Z_A1
FORMAT %5d %9.3f %9.3f %6.3f %6.3f %8.3f %8.3f %9.3f %9.3f %7.3f %7.3f %8.3f %8.3f %4d %4d %4d %4d %+e %+e %+e %.5f %d %s %4d %4d %7.4f %7.4f

NULLVALUE -666
NULLSTRING *

    1   351.388    76.512  0.132  0.079   14.458  164.189 10848.155 12484.566   6.437   4.494   21.237   17.415  346  356   74   80 +1.629991e+09 +5.199712e+06 +1.631685e+09 0.00000 1 U40    1    1  1.0000 -0.0429
    3   522.960   108.772  0.034  0.020   13.704  162.544 10282.104 12359.550   6.402   4.217   21.121   16.341  518  528  106  112 +3.627161e+09 +5.074576e+06 +3.630799e+09 0.00000 1 U4    3    1  1.0000  0.0159
    5   722.860   110.415  0.027  0.023   12.825  162.461  9622.594 12353.181   5.900   4.242   19.464   16.440  719  727  107  113 +4.406835e+09 +5.150845e+06 +4.416420e+09 0.00000 1 U5    5    1  1.0000  0.0139
    6   644.024   114.722  0.032  0.019   13.172  162.241  9882.691 12336.492   6.624   4.223   21.853   16.367  639  649  112  118 +4.094851e+09 +5.087818e+06 +4.183601e+09 0.00000 1 U7    6    3  1.0000 -0.0050
    7   652.922   115.725  0.019  0.013   13.133  162.190  9853.335 12332.604   5.916   4.165   19.518   16.139  649  657  113  119 +5.847118e+09 +5.093788e+06 +5.863865e+09 0.00000 1 U76    6    3  1.0000 -0.0158
    8   673.986   117.253  0.029  0.020   13.040  162.112  9783.840 12326.685   6.020   4.207   19.861   16.303  670  678  114  120 +3.767397e+09 +5.083160e+06 +3.770344e+09 0.00000 1 U85    6    3  1.0000  0.0048
    9   507.468   121.204  0.113  0.029   13.772  161.911 10333.216 12311.373   7.043   4.263   23.238   16.521  502  512  118  124 +2.499770e+09 +5.109316e+06 +2.501303e+09 0.00000 1 U62    7    1  1.0000  0.0068
   11  1000.779   171.870  0.981  0.260   11.603  159.329  8705.686 12115.027   9.827   5.209   32.422   20.187  996 1007  169  174 +3.673917e+08 +5.045586e+06 +3.683059e+08 0.00000 1 U50    9    1  1.0000 -0.1461
   12   956.638   177.771  0.038  0.015   11.797  159.028  8851.316 12092.160   6.286   4.208   20.740   16.307  953  961  175  181 +5.022751e+09 +5.108442e+06 +5.042655e+09 0.00000 1 U68   10    1  1.0000 -0.0863
   13   651.421   370.171  0.142  0.040   13.139  149.222  9858.288 11346.562   7.283   4.557   24.029   17.661  646  656  367  373 +1.959706e+09 +5.088088e+06 +1.960677e+09 0.00000 1 G60   11    2  1.0000 -0.0233
   14   627.893   372.424  0.261  0.164   13.243  149.107  9935.911 11337.832   8.243   4.936   27.195   19.128  622  634  369  375 +8.477528e+08 +5.113606e+06 +8.532131e+08 0.00000 1 G1   11    2  1.0000 -0.0305
   15   647.525   382.445  0.100  0.049   13.156  148.597  9871.139 11298.999   6.506   4.535   21.466   17.573  643  653  379  385 +2.511868e+09 +5.192914e+06 +2.514192e+09 0.00000 1 G89   12    1  1.0000 -0.0242
   16   808.924   385.877  0.224  0.081   12.447  148.422  9338.651 11285.697   8.194   4.625   27.033   17.924  803  815  383  389 +9.175032e+08 +5.045474e+06 +9.160554e+08 0.00000 1 None   13    1  1.0000 -0.0216
   17   739.985   387.540  0.231  0.172   12.750  148.337  9566.096 11279.252   9.127   5.598   30.111   21.693  734  746  384  392 +1.099923e+09 +5.105306e+06 +1.090574e+09 0.00000 1 G51   14    3  1.0000 -0.0464
   18   852.838   393.235  0.031  0.016   12.253  148.047  9193.773 11257.185   6.914   4.609   22.811   17.859  848  858  390  396 +5.361763e+09 +5.072754e+06 +5.381370e+09 0.00000 1 G13   15    6  1.0000 -0.0146
   19   835.077   394.334  0.111  0.072   12.332  147.991  9252.368 11252.926   7.773   4.991   25.644   19.340  829  841  390  398 +1.691111e+09 +5.083686e+06 +1.699455e+09 0.00000 1 G33   15    6  1.0000 -0.0364
   20   748.032   394.551  0.071  0.056   12.714  147.980  9539.546 11252.083   7.228   4.650   23.848   18.021  743  753  392  398 +2.280574e+09 +5.135146e+06 +2.296535e+09 0.00000 1 G88   14    3  1.0000  0.0034
   21   860.931   394.992  0.104  0.031   12.218  147.957  9167.071 11250.378   9.440   5.021   31.145   19.456  854  868  391  399 +2.613529e+09 +5.037390e+06 +2.675406e+09 0.00000 1 G8   15    6  1.0000 -0.0132
   22   943.701   397.155  0.042  0.018   11.854  147.847  8893.998 11241.992   6.283   4.409   20.730   17.085  940  948  394  400 +4.030878e+09 +5.078814e+06 +4.038108e+09 0.00000 1 None   16    1  1.0000 -0.0228
   23   893.040   400.601  0.039  0.033   12.077  147.671  9061.137 11228.640   7.023   4.841   23.170   18.761  888  898  398  404 +3.892215e+09 +5.110632e+06 +3.937228e+09 0.00000 1 G34   15    6  1.0000 -0.0389
   24   900.446   401.258  0.467  0.039   12.044  147.638  9036.703 11226.094  14.421   4.685   47.576   18.157  890  910  398  404 +2.452928e+09 +5.072621e+06 +2.520108e+09 0.00000 1 G12   15    6  1.0000 -0.0230
   25  1030.163   416.542  2.125  0.640   11.474  146.859  8608.740 11166.864  11.449   4.807   37.772   18.628 1028 1032  416  417 +2.174233e+08 +5.128540e+06 +2.177723e+08 0.00000 1 None   17    1  1.0000 -0.0765
   26  1309.870   419.254  0.529  0.255   10.244  146.721  7685.933 11156.354   8.759   5.316   28.897   20.602 1304 1316  416  422 +4.746781e+08 +5.061122e+06 +4.751710e+08 0.00000 1 G63   18    1  1.0000 -0.1570
   27  1076.609   449.612  0.077  0.044   11.270  145.174  8455.507 11038.709   6.253   4.564   20.629   17.686 1073 1081  447  453 +2.614372e+09 +5.155188e+06 +2.630999e+09 0.00000 1 G61   19    1  1.0000 -0.0651
   28  1186.087   453.922  0.171  0.070   10.788  144.954  8094.318 11022.009   7.574   4.680   24.988   18.134 1181 1191  451  457 +1.036133e+09 +5.042356e+06 +1.035279e+09 0.00000 1 G21   20    1  1.0000 -0.1222
   29  1312.968   458.158  0.045  0.031   10.230  144.738  7675.713 11005.592   6.385   4.755   21.067   18.425 1308 1318  455  461 +2.691492e+09 +5.052610e+06 +2.692686e+09 0.00000 1 G39   21    1  1.0000 -0.2010
   30   736.105   385.429  0.100  0.039   12.767  148.445  9578.897 11287.436   7.023   4.609   23.170   17.861  730  741  381  388 +8.704151e+08 +7.092790e+06 +1.029225e+09 0.00000 1 G49   14    3  1.0000 -0.0413
   31   889.099   396.211  0.100  0.039   12.094  147.895  9074.141 11245.652   7.023   4.609   23.170   17.861  883  894  392  399 +1.772439e+09 +7.092790e+06 +2.006370e+09 0.00000 1 G14   15    6  1.0000 -0.0317
