REMARK SeriesTab Input: ass.tab Output: axt.tab
REMARK Mode: Maximum Dimensions: 2
REMARK Input Region:    X +/- 8 X-ZF: 64
REMARK Analysis Region: X +/- 8
REMARK Input Region:    Y +/- 5 Y-ZF: 64
REMARK Analysis Region: Y +/- 5

VARS   INDEX X_AXIS Y_AXIS DX DY X_PPM Y_PPM X_HZ Y_HZ XW YW XW_HZ YW_HZ X1 X3 Y1 Y3 HEIGHT DHEIGHT VOL PCHI2 TYPE ASS CLUSTID MEMCNT Z_A0 Z_A1
FORMAT %5d %9.3f %9.3f %6.3f %6.3f %8.3f %8.3f %9.3f %9.3f %7.3f %7.3f %8.3f %8.3f %4d %4d %4d %4d %+e %+e %+e %.5f %d %s %4d %4d %7.4f %7.4f

NULLVALUE -666
NULLSTRING *

    1   199.939    79.408  0.059  0.026    8.124  155.825  6095.148 29402.223   7.144   3.866   23.571   33.709  195  205   77   82 +8.142156e+08 +1.525161e+06 +8.175461e+08 0.00000 1 None    1    1  1.0000  0.0432
    2   257.929    84.914  0.020  0.006    7.869  155.570  5903.826 29354.219   6.118   3.540   20.185   30.863  254  262   82   88 +1.682279e+09 +1.497192e+06 +1.692042e+09 0.00000 1 A    2    4  1.0000  0.0700
    3   252.444    89.248  0.021  0.005    7.893  155.370  5921.921 29316.426   5.725   3.471   18.887   30.265  248  256   87   91 +2.584090e+09 +1.529094e+06 +2.614328e+09 0.00000 1 B    2    4  1.0000  0.0633
    4   273.045    89.221  0.036  0.010    7.802  155.371  5853.956 29316.656   7.083   3.556   23.369   31.004  268  278   86   92 +1.249050e+09 +1.503856e+06 +1.244025e+09 0.00000 1 C    2    4  1.0000  0.0553
    5   268.013    95.617  0.036  0.016    7.824  155.076  5870.558 29260.895   6.760   3.656   22.302   31.880  263  273   93   98 +1.155903e+09 +1.525658e+06 +1.146505e+09 0.00000 1 D    2    4  1.0000  0.0488
    6   433.922   106.597  0.075  0.024    7.095  154.568  5323.190 29165.156   7.728   3.585   25.497   31.257  428  440  104  109 +7.560752e+08 +1.529946e+06 +7.596449e+08 0.00000 1 None    3    1  1.0000  0.0315
    7   234.137   110.268  0.029  0.010    7.973  154.399  5982.321 29133.150   6.502   3.549   21.453   30.943  229  239  108  113 +1.457128e+09 +1.511402e+06 +1.459859e+09 0.00000 1 67    4    3  1.0000  0.0629
    8   330.692   109.739  0.094  0.019    7.549  154.423  5663.766 29137.758   7.410   3.583   24.448   31.238  326  336  107  112 +7.679870e+08 +1.512472e+06 +7.714662e+08 0.00000 1 None    5    1  1.0000  0.0837
    9   250.294   113.095  0.098  0.016    7.902  154.268  5929.017 29108.494   7.942   3.882   26.201   33.845  244  256  110  116 +8.080911e+08 +1.496572e+06 +8.183553e+08 0.00000 1 E    4    3  1.0000  0.0697
   10   262.738   114.208  0.031  0.010    7.848  154.216  5887.962 29098.791   6.148   3.813   20.283   33.244  259  267  111  117 +1.472318e+09 +1.507046e+06 +1.481928e+09 0.00000 1 F    4    3  1.0000  0.0698
   11   294.955   114.296  0.047  0.031    7.706  154.212  5781.672 29098.027   6.997   5.003   23.085   43.626  290  300  111  118 +9.424116e+08 +1.500587e+06 +9.376596e+08 0.00000 1 G    6    2  1.0000  0.0619
   12   295.982   116.718  0.050  0.056    7.701  154.100  5778.282 29076.908   7.113   6.620   23.468   57.719  291  301  112  120 +8.869386e+08 +1.494045e+06 +8.897988e+08 0.00000 1 H    6    2  1.0000  0.0648
   13   482.767   124.671  0.498  0.058    6.880  153.733  5162.042 29007.564  10.635   3.508   35.088   30.588  477  488  124  126 +2.645667e+08 +1.517336e+06 +2.723959e+08 0.00000 1 23    7    1  1.0000  0.0447
   14   390.190   128.734  0.074  0.017    7.287  153.545  5467.472 28972.135   7.932   3.724   26.168   32.469  384  396  126  131 +9.148214e+08 +1.508106e+06 +9.215844e+08 0.00000 1 87    8    5  1.0000  0.0490
   15   404.411   130.666  0.052  0.015    7.225  153.456  5420.555 28955.285   6.831   4.037   22.536   35.197  399  409  128  134 +1.415868e+09 +1.522965e+06 +1.401671e+09 0.00000 1 J    8    5  1.0000  0.0399
   16   474.715   131.153  0.098  0.016    6.915  153.433  5188.605 28951.041   7.559   3.489   24.940   30.420  470  480  129  133 +7.239939e+08 +1.501341e+06 +7.289762e+08 0.00000 1 K    9    1  1.0000  0.0600
   17   420.843   133.424  0.079  0.024    7.152  153.328  5366.341 28931.236   8.033   3.761   26.502   32.795  415  427  131  136 +8.581214e+08 +1.530706e+06 +8.657663e+08 0.00000 1 15    8    5  1.0000  0.0446
   18   434.194   133.835  0.105  0.017    7.094  153.309  5322.292 28927.658   8.513   3.614   28.085   31.508  428  440  131  136 +7.318438e+08 +1.498118e+06 +7.343756e+08 0.00000 1 10    8    5  1.0000  0.0432
   19   469.728   140.595  0.048  0.016    6.937  152.997  5205.061 28868.717   6.602   3.561   21.780   31.051  465  475  138  143 +1.150102e+09 +1.537051e+06 +1.157760e+09 0.00000 1 L   10    1  1.0000  0.0471
   20   404.572   127.326  0.052  0.016    7.224  153.610  5420.021 28984.416   7.113   3.614   23.467   31.512  399  410  124  130 +6.302134e+08 +1.701007e+06 +8.646767e+08 0.00000 1 I    8    5  1.0000  0.0490
