VARS INDEX J ERR ASS
FORMAT %4d   %6.1f   %4.1f   %s
   1   201.3    0.2   None
   2   199.5    0.1   A
   3   200.0    0.1   B
   4   200.5    0.1   C
   5   200.9    0.1   D
   6   202.0    0.2   None
   8   198.6    0.2   None
   9   199.6    0.2   E
  10   199.5    0.1   F
  10   201.3    0.2   10
  11   200.1    0.1   G
  12   199.9    0.1   H
  15   201.2    0.2   15
  15   201.5    0.1   J
  16   200.2    0.2   K
  19   201.0    0.1   L
  20   200.9    0.2   I
  23   201.2    0.5   23
  67   200.0    0.1   67
  87   200.9    0.1   87
