VARS   INDEX X_AXIS Y_AXIS DX DY X_PPM Y_PPM X_HZ Y_HZ XW YW XW_HZ YW_HZ X1 X3 Y1 Y3 HEIGHT DHEIGHT VOL PCHI2 TYPE ASS CLUSTID MEMCNT
FORMAT %5d %9.3f %9.3f %6.3f %6.3f %8.3f %8.3f %9.3f %9.3f %7.3f %7.3f %8.3f %8.3f %4d %4d %4d %4d %+e %+e %+e %.5f %d %s %4d %4d

NULLVALUE -666
NULLSTRING *

    2   310.327   130.072  0.238  0.051    5.489  103.876  4118.142 19599.174   6.446   3.883   23.607   11.849  305  315  127  133 +1.015446e+08 +6.106932e+05 +3.260335e+09 0.00000 1 U8_C5H5    2    1
    5   326.357   140.839  0.164  0.039    5.410  103.702  4059.438 19566.314   6.158   3.790   22.550   11.567  322  330  138  144 +1.421097e+08 +6.135485e+05 +3.893486e+09 0.00000 1 U13_C5H5    5    1
    8   288.974   154.043  0.097  0.031    5.593  103.488  4196.340 19526.020   6.056   3.693   22.178   11.271  285  293  151  157 +1.465355e+08 +6.078190e+05 +3.909115e+09 0.00000 1 U14_C5H5    8    1
    9   405.519   163.279  3.950  0.996    5.024  103.339  3769.538 19497.832   7.570   4.822   27.723   14.717  405  407  163  164 +1.096942e+07 +6.156929e+05 +6.194728e+07 0.00000 1 U37_C5H5    9    1
   12   396.103   173.440  1.428  0.806    5.070  103.174  3804.020 19466.826   8.923   5.570   32.676   16.998  390  402  170  177 +2.326037e+07 +6.130084e+05 +1.396162e+09 0.00000 1 U6_C5H5   12    1
   27   208.887   402.650  0.501  0.473    5.984   99.467  4489.625 18767.330   6.832   5.939   25.021   18.124  204  214  399  407 +3.891480e+07 +6.102715e+05 +1.905895e+09 0.00000 1 C7_C5H5   24    1
   31   321.697   458.926  1.633  0.243    5.433   98.557  4076.505 18595.592  11.061   5.435   40.506   16.586  314  330  455  463 +4.167674e+07 +6.065799e+05 +4.222171e+09 0.00000 1 C19_C5H5   27    7
   32   306.409   459.513  0.207  0.091    5.508   98.547  4132.492 18593.801   6.979   4.752   25.557   14.501  301  311  457  463 +1.634247e+08 +6.236265e+05 +6.689290e+09 0.00000 1 C41_C5H5   27    7
   36   285.042   474.206  0.139  0.078    5.612   98.310  4210.739 18548.959   6.457   4.748   23.645   14.490  280  290  471  477 +1.174799e+08 +6.089054e+05 +4.474674e+09 0.00000 1 C15_C5H5   27    7
   38   306.650   475.201  0.172  0.047    5.507   98.294  4131.607 18545.926   6.134   3.921   22.462   11.966  303  311  472  478 +1.332136e+08 +6.143759e+05 +3.986476e+09 0.00000 1 C40_C5H5   27    7
   49   363.743   491.811  0.391  0.132    5.228   98.025  3922.527 18495.234   7.199   4.761   26.364   14.528  359  369  489  495 +6.853734e+07 +6.095882e+05 +2.881611e+09 0.00000 1 C30_C5H5   34    2
   57   374.654   495.750  0.406  0.080    5.175   97.961  3882.570 18483.215   7.832   4.078   28.683   12.444  369  381  493  499 +9.183466e+07 +6.132841e+05 +3.819788e+09 0.00000 1 C29_C5H5   34    2
   63   333.617   503.488  0.158  0.068    5.375   97.836  4032.852 18459.600   5.815   3.861   21.294   11.784  330  338  500  506 +1.459850e+08 +6.323744e+05 +3.859895e+09 0.00000 1 C16_C5H5   41    1
   67   285.516   511.710  0.195  0.050    5.610   97.703  4209.004 18434.508   6.023   3.844   22.056   11.732  282  290  509  515 +1.430374e+08 +6.220624e+05 +3.886200e+09 0.00000 1 C38_C5H5   44    1
   71   373.104   526.184  0.088  0.027    5.182   97.469  3888.246 18390.336   6.873   3.859   25.171   11.777  368  378  523  529 +2.207736e+08 +6.098721e+05 +7.373285e+09 0.00000 1 C11_C5H5   45    3
   74   369.763   536.492  0.392  0.168    5.199   97.302  3900.482 18358.877   8.358   4.850   30.607   14.801  364  376  533  539 +9.237043e+07 +6.195971e+05 +4.388094e+09 0.00000 1 C17_C5H5   45    3
   79   320.018   668.203  0.323  0.335    5.441   95.172  4082.653 17956.928   5.924   5.889   21.693   17.973  316  324  664  672 +4.200396e+07 +6.076326e+05 +1.845828e+09 0.00000 1 C17_C1'H1'   51    1
   80   309.576   697.024  0.364  0.158    5.492   94.706  4120.892 17868.975   5.876   5.484   21.520   16.735  306  314  693  701 +6.476786e+07 +6.126359e+05 +2.663510e+09 0.00000 1 C12_C1'H1'   52   12
   81   328.053   719.309  0.175  0.168    5.402   94.345  4053.226 17800.963   5.896   5.201   21.590   15.871  324  332  715  723 +7.850729e+07 +6.109009e+05 +3.129651e+09 0.00000 1 G32_C1'H1'   52   12
   89   280.232   735.201  0.303  0.341    5.636   94.088  4228.354 17752.465   6.004   7.015   21.987   21.407  276  284  730  740 +5.874683e+07 +6.079802e+05 +3.756533e+09 0.00000 1 C19_C1'H1'   55    7
   92   303.082   743.258  0.268  0.307    5.524   93.958  4144.674 17727.879   8.206   8.320   30.051   25.391  297  309  737  749 +1.003697e+08 +6.066052e+05 +9.272110e+09 0.00000 1 C3_C1'H1'   52   12
   96   263.873   770.195  0.193  0.162    5.715   93.522  4288.261 17645.674   6.049   5.689   22.152   17.362  260  268  766  774 +7.999304e+07 +6.081658e+05 +3.589683e+09 0.00000 1 G28_C1'H1'   58   14
   98   212.498   776.339  0.506  0.261    5.966   93.423  4476.401 17626.922   6.174   5.395   22.609   16.464  208  216  772  780 +5.856214e+07 +6.188781e+05 +2.475684e+09 0.00000 1 A5_C1'H1'   58   14
   99   229.463   775.984  0.368  0.113    5.883   93.429  4414.276 17628.008   6.261   5.062   22.929   15.449  225  233  772  780 +7.715861e+07 +6.130910e+05 +3.411561e+09 0.00000 1 A25_C1'H1'   58   14
  100   234.916   782.584  0.266  0.401    5.857   93.322  4394.304 17607.865   6.775   6.936   24.811   21.168  230  240  778  788 +6.978933e+07 +6.103753e+05 +4.869551e+09 0.00000 1 A26_C1'H1'   58   14
  101   260.068   782.836  0.242  0.112    5.734   93.318  4302.198 17607.094   8.176   5.676   29.942   17.321  254  266  779  787 +1.093367e+08 +6.069732e+05 +8.357316e+09 0.00000 1 G24_C1'H1'   58   14
  103   333.049   782.785  0.460  0.489    5.378   93.319  4034.932 17607.252   6.383   6.393   23.375   19.511  328  338  778  788 +3.460176e+07 +6.072126e+05 +2.051985e+09 0.00000 1 C16_C1'H1'   62    1
  108   248.242   794.346  0.158  0.164    5.792   93.132  4345.503 17571.971   5.329   5.363   19.516   16.368  244  252  790  798 +9.148190e+07 +6.140619e+05 +3.588593e+09 0.00000 1 G23_C1'H1'   58   14
  109   277.089   793.755  0.265  0.172    5.651   93.141  4239.864 17573.773   7.648   5.940   28.009   18.129  272  282  790  798 +8.919156e+07 +6.079987e+05 +5.230347e+09 0.00000 1 G10_C1'H1'   58   14
  116   253.084   822.240  0.243  0.325    5.768   92.680  4327.772 17486.846   5.832   6.509   21.359   19.864  249  257  817  827 +5.634352e+07 +6.080371e+05 +2.830085e+09 0.00000 1 G1_C1'H1'   70    1
  125   195.189   912.121  0.405  0.192    6.051   91.227  4539.790 17212.551   7.018   5.445   25.699   16.616  190  200  908  916 +5.581053e+07 +6.072597e+05 +2.760148e+09 0.00000 1 A21_C1'H1'   77    1
  128   246.398   933.178  0.134  0.142    5.801   90.886  4352.256 17148.287   5.095   6.729   18.660   20.534  242  250  928  938 +1.273890e+08 +6.144669e+05 +5.890342e+09 0.00000 1 A20_C1'H1'   79    1
  131   312.458   728.965  1.096  0.535    5.478   94.189  4110.337 17771.498   6.261   5.363   22.928   16.367  308  316  725  732 +1.318228e+08 +7.745504e+05 +0.000000e+00 0.00000 1 U8-C1'H1'   52   12
  132   316.536   728.527  1.096  0.535    5.458   94.196  4095.404 17772.834   6.261   5.363   22.928   16.367  312  320  725  732 +8.145958e+07 +7.745504e+05 +0.000000e+00 0.00000 1 C7-C1'H1'   52   12
  133   303.024   743.406  1.096  0.535    5.524   93.955  4144.888 17727.428   6.261   5.363   22.928   16.367  299  307  739  746 +1.001574e+08 +7.745504e+05 +0.000000e+00 0.00000 1 G39_C1'H1'   52   12
  137   279.917   739.467  1.096  0.535    5.637   94.019  4229.508 17739.447   6.261   5.363   22.928   16.367  275  283  735  742 +7.319976e+07 +7.745504e+05 +0.000000e+00 0.00000 1 U14_C1'H1'   55    7
  138   279.837   739.030  1.096  0.535    5.638   94.026  4229.801 17740.781   6.261   5.363   22.928   16.367  275  283  735  742 +7.319976e+07 +7.745504e+05 +0.000000e+00 0.00000 1 C38_C1'H1'   55    7
  141   259.689   836.469  1.096  0.535    5.736   92.450  4303.583 17443.420   6.261   5.363   22.928   16.367  255  263  832  839 +2.453823e+07 +7.745504e+05 +0.000000e+00 0.00000 1 A18_C1'H1'   82    3
  142   259.684   835.818  1.096  0.535    5.736   92.461  4303.604 17445.410   6.261   5.363   22.928   16.367  255  263  832  839 +2.453823e+07 +7.745504e+05 +0.000000e+00 0.00000 1 A36_C1'H1'   82    3
  144   275.086   836.633  1.096  0.535    5.661   92.448  4247.200 17442.920   6.261   5.363   22.928   16.367  271  279  833  840 +1.504044e+07 +7.745504e+05 +0.000000e+00 0.00000 1 U6_C1'H1'   84    1
  145   268.313   846.965  1.096  0.535    5.694   92.280  4272.002 17411.391   6.261   5.363   22.928   16.367  264  272  843  850 +2.050147e+07 +7.745504e+05 +0.000000e+00 0.00000 1 G4_C1'H1'   85    1
  146   310.829   858.523  1.096  0.535    5.486   92.094  4116.305 17376.117   6.261   5.363   22.928   16.367  306  314  855  862 +1.577103e+07 +7.745504e+05 +0.000000e+00 0.00000 1 G34_C1'H1'   86    1
  148   310.243   790.665  0.303  0.192    5.489   93.191  4118.449 17583.205   6.261   5.363   22.928   16.367  305  314  786  794 +1.916944e+07 +7.745500e+05 +0.000000e+00 0.00000 1 G33_C1'H1'   87    1
  149   402.538   803.469  0.303  0.192    5.039   92.984  3780.455 17544.129   6.261   5.363   22.928   16.367  398  407  799  807 +1.979237e+07 +7.745500e+05 +0.000000e+00 0.00000 1 G22_C1'H1'   88    1
  150   302.386   446.123  0.303  0.192    5.527   98.764  4147.222 18634.662   6.261   5.363   22.928   16.367  297  306  441  450 +3.985646e+07 +7.745500e+05 +0.000000e+00 0.00000 1 C12_C5H5   89    1
  151   304.557   716.780  0.303  0.192    5.517   94.386  4139.271 17808.682   6.261   5.363   22.928   16.367  300  309  712  721 +1.034859e+08 +7.745500e+05 +0.000000e+00 0.00000 1 C15_C1'H1'   90    2
  152   307.146   720.672  0.303  0.192    5.504   94.323  4129.790 17796.805   6.261   5.363   22.928   16.367  302  311  716  725 +1.153098e+08 +7.745500e+05 +0.000000e+00 0.00000 1 U13_C1'H1'   90    2
  153   292.554   812.523  0.303  0.192    5.575   92.838  4183.229 17516.498   6.261   5.363   22.928   16.367  288  297  808  817 +5.293016e+07 +7.745500e+05 +0.000000e+00 0.00000 1 G27_C1'H1'   91    1
  154   279.609   739.354  0.303  0.192    5.639   94.021  4230.634 17739.793   6.261   5.363   22.928   16.367  275  284  734  743 +7.319976e+07 +7.745500e+05 +0.000000e+00 0.00000 1 U37_C1'H1'   55    7
  156   267.606   786.058  0.303  0.192    5.697   93.266  4274.592 17597.264   6.261   5.363   22.928   16.367  263  272  781  790 +1.122561e+08 +7.745500e+05 +0.000000e+00 0.00000 1 C29_C1'H1'   58   14
  160   256.073   758.035  0.303  0.192    5.754   93.719  4316.826 17682.781   6.261   5.363   22.928   16.367  251  260  753  762 +1.022683e+08 +7.745500e+05 +0.000000e+00 0.00000 1 C30_C1'H1'   92    4
  161   255.899   757.933  0.303  0.192    5.754   93.721  4317.465 17683.094   6.261   5.363   22.928   16.367  251  260  753  762 +1.022683e+08 +7.745500e+05 +0.000000e+00 0.00000 1 C40_C1'H1'   92    4
  162   230.153   810.391  0.303  0.192    5.880   92.872  4411.748 17523.004   6.261   5.363   22.928   16.367  225  234  805  814 +6.575159e+07 +7.745500e+05 +0.000000e+00 0.00000 1 G2_C1'H1'   93    1
  163   234.608   782.212  0.303  0.192    5.858   93.328  4395.433 17609.000   6.261   5.363   22.928   16.367  230  239  777  786 +6.886370e+07 +7.745500e+05 +0.000000e+00 0.00000 1 A35_C1'H1'   58   14
