VARS INDEX J ERR ASS
FORMAT %4d   %6.1f   %4.1f   %s
   1   176.62   0.75   G1
   2   176.86   0.73   G2
   3   179.22   0.43   C3
   4   175.90   0.36   G4
   5   173.67   0.75   A5
   6   173.51   2.72   U6
   6   180.02   1.86   u6
   7   172.63   1.10   c7
   7   180.75   0.55   C7
   8   174.95   0.42   u8
   8   180.19   0.32   U8
  10   174.72   0.47   G10
  11   173.33   0.19   c11
  12   176.08   0.26   c12
  12   181.06   0.66   C12
  13   175.87   0.30   u13
  14   176.13   0.29   u14
  14   180.48   0.59   U14
  15   173.34   0.30   c15
  15   180.85   0.36   C15
  16   172.23   0.29   c16
  16   178.88   0.53   C16
  17   173.14   0.46   c17
  17   179.06   1.02   C17
  18   171.29   1.74   A18
  19   181.63   0.76   C19
  20   169.31   0.34   A20
  21   166.57   0.79   A21
  22   178.84   2.21   G22
  23   176.63   0.47   G23
  24   176.30   0.40   G24
  25   177.19   0.56   A25
  26   177.11   0.64   A26
  27   177.88   0.84   G27
  28   176.29   0.53   G28
  29   174.00   0.46   c29
  29   178.11   2.03   C29
  30   172.57   0.62   c30
  30   173.40   0.42   C30
  32   177.21   1.22   G32
  33   180.45   2.05   G33
  34   168.52   2.66   G34
  35   176.21   0.65   A35
  36   171.29   1.74   A36
  37   171.36   3.82   u37
  37   177.94   0.72   U37
  38   174.22   0.36   c38
  38   180.48   0.59   C38
  39   179.21   0.46   G39
  40   174.07   0.97   c40
  41   172.84   0.32   c41
