VARS INDEX J ERR ASS
FORMAT %4d   %6.1f   %4.1f   %s
   2   174.96   0.42   U8_C5H5
   5   175.88   0.30   U13_C5H5
   7   180.62   0.53   C7-C1'H1'
   8   176.11   0.29   U14_C5H5
   8   180.19   0.33   U8-C1'H1'
   9   170.44   3.91   U37_C5H5
  12   179.98   1.84   U6_C5H5
  27   172.80   1.10   C7_C5H5
  31   174.11   1.02   C19_C5H5
  32   175.94   0.26   C41_C5H5
  36   174.17   0.36   C15_C5H5
  38   172.81   0.32   C40_C5H5
  49   172.64   0.62   C30_C5H5
  57   174.01   0.46   C29_C5H5
  63   172.21   0.29   C16_C5H5
  67   173.38   0.30   C38_C5H5
  71   173.32   0.19   C11_C5H5
  74   173.10   0.46   C17_C5H5
  79   179.04   1.02   C17_C1'H1'
  80   181.08   0.66   C12_C1'H1'
  81   178.95   0.54   G32_C1'H1'
  89   181.53   0.73   C19_C1'H1'
  92   179.14   0.43   C3_C1'H1'
  96   176.29   0.53   G28_C1'H1'
  98   173.93   0.73   A5_C1'H1'
  99   177.16   0.55   A25_C1'H1'
 100   177.00   0.61   A26_C1'H1'
 101   176.28   0.39   G24_C1'H1'
 103   177.20   1.23   C16_C1'H1'
 108   176.69   0.47   G23_C1'H1'
 109   174.70   0.48   G10_C1'H1'
 116   176.71   0.76   G1_C1'H1'
 125   166.54   0.78   A21_C1'H1'
 128   169.33   0.34   A20_C1'H1'
 133   179.16   0.43   G39_C1'H1'
 137   180.48   0.59   U14_C1'H1'
 138   180.49   0.59   C38_C1'H1'
 141   171.52   1.74   A18_C1'H1'
 142   171.52   1.74   A36_C1'H1'
 144   173.49   2.84   U6_C1'H1'
 145   178.38   2.08   G4_C1'H1'
 146   169.49   2.72   G34_C1'H1'
 148   179.38   2.23   G33_C1'H1'
 149   172.18   2.16   G22_C1'H1'
 150   173.10   1.07   C12_C5H5
 151   181.19   0.41   C15_C1'H1'
 152   180.74   0.37   U13_C1'H1'
 153   177.87   0.81   G27_C1'H1'
 154   180.48   0.59   U37_C1'H1'
 156   175.06   0.38   C29_C1'H1'
 160   173.41   0.42   C30_C1'H1'
 161   173.41   0.42   C40_C1'H1'
 162   176.24   0.65   G2_C1'H1'
 163   176.97   0.62   A35_C1'H1'
