REMARK ROI 2D Peak Detection System, File: ./ft/test001.ft2
REMARK Detection Levels: -9.68962e+09 and 9.68962e+06
REMARK Detection: X(+/-1) Y(+/-1)
REMARK Interpolation: X(+/-1) Y(+/-1)
REMARK Noise: 735066, Chi2-Threshold: 1.000000e-04, Local Adjustment: None
REMARK Position Tolerances: X(2.3) Y(2.0)
REMARK Sinc Detect ON, Height Adjustments: X(1.200) Y(1.800)
REMARK Sinc Detect Linewidths: X(15.0Hz) Y(5.0Hz)
REMARK Total Peaks: 135, Good Peaks: 135, Questionable Peaks: 0
REMARK Clusters: 81, Max Cluster Size: 14
REMARK ROI Spectral Axis Limits:

DATA  X_AXIS 1H           1   617    6.998ppm    3.992ppm
DATA  Y_AXIS 13C          1  1026  105.963ppm   89.385ppm

VARS   INDEX X_AXIS Y_AXIS DX DY X_PPM Y_PPM X_HZ Y_HZ XW YW XW_HZ YW_HZ X1 X3 Y1 Y3 HEIGHT DHEIGHT VOL PCHI2 TYPE ASS CLUSTID MEMCNT
FORMAT %5d %9.3f %9.3f %6.3f %6.3f %8.3f %8.3f %9.3f %9.3f %7.3f %7.3f %8.3f %8.3f %4d %4d %4d %4d %+e %+e %+e %.5f %d %s %4d %4d

   1   303.551    80.110  1.318  0.311    5.522  104.684  4142.958 19751.646   5.056   3.421   18.514   10.441  302  305   80   81  1.257540e+07  5.613199e+05  8.389209e+07 0.00000 1 None    1    1
   2   310.539   130.089  0.279  0.048    5.488  103.875  4117.368 19599.121   6.548   3.893   23.978   11.881  306  316  127  133  1.010756e+08  5.556594e+05  3.244393e+09 0.00000 1 None    2    1
   3   326.195   130.297  1.569  0.448    5.411  103.872  4060.033 19598.486   7.285   3.876   26.678   11.829  322  330  129  131  1.453062e+07  5.568524e+05  2.971593e+08 0.00000 1 None    3    1
   4   326.550   140.859  0.175  0.035    5.410  103.701  4058.731 19566.256   6.182   3.812   22.639   11.634  323  331  138  144  1.416952e+08  5.572660e+05  3.885499e+09 0.00000 1 None    4    1
   5   288.110   143.280  1.466  0.615    5.597  103.662  4199.504 19558.865   6.423   3.957   23.521   12.077  287  289  143  144  1.067836e+07  5.550700e+05  5.942396e+07 0.00000 1 None    5    1
   6   326.745   151.081  1.686  0.351    5.409  103.536  4058.018 19535.059   6.382   3.540   23.372   10.804  326  328  151  151  1.128054e+07  5.537540e+05  3.238463e+07 0.00000 1 None    6    1
   7   289.161   154.041  0.100  0.028    5.592  103.488  4195.656 19526.025   6.048   3.686   22.148   11.249  285  293  151  157  1.463718e+08  5.511392e+05  3.900407e+09 0.00000 1 None    7    1
   8   289.027   164.232  0.966  0.667    5.593  103.323  4196.145 19494.926   5.537   4.401   20.279   13.429  288  290  164  166  1.121821e+07  5.529697e+05  9.097219e+07 0.00000 1 None    8    1
   9   405.321   163.915  3.351  1.124    5.025  103.328  3770.263 19495.893   8.499   6.325   31.125   19.303  403  407  163  166  1.120581e+07  5.502282e+05  2.032884e+08 0.00000 1 None    9    1
  10   326.617   171.832  1.898  0.386    5.409  103.200  4058.485 19471.734   6.007   3.475   22.000   10.604  326  328  171  172  1.108440e+07  5.565094e+05  5.946362e+07 0.00000 1 None   10    1
  11   396.419   173.544  1.950  0.840    5.068  103.173  3802.864 19466.508   8.455   5.836   30.962   17.810  390  402  170  177  2.298254e+07  5.576707e+05  1.363679e+09 0.00000 1 None   11    1
  12   306.011   321.374  1.223  0.946    5.510  100.782  4133.947 19015.367   6.443   4.824   23.595   14.723  304  307  320  322  1.211984e+07  5.567517e+05  1.258960e+08 0.00000 1 None   12    1
  13   306.784   330.233  0.848  0.614    5.506  100.638  4131.119 18988.332   5.906   5.336   21.628   16.283  304  310  328  333  1.802024e+07  5.528512e+05  5.006050e+08 0.00000 1 None   13    1
  14   284.835   338.585  1.370  0.563    5.613  100.503  4211.498 18962.842   6.773   3.873   24.804   11.818  282  287  337  340  1.406845e+07  5.630102e+05  2.583947e+08 0.00000 1 None   14    1
  15   307.097   339.291  0.635  0.457    5.504  100.492  4129.970 18960.689   5.416   4.295   19.834   13.108  305  310  337  341  1.728149e+07  5.552938e+05  3.535638e+08 0.00000 1 None   15    1
  16   333.862   343.052  1.142  0.357    5.374  100.431  4031.954 18949.211   5.769   3.619   21.127   11.044  333  335  343  343  1.126447e+07  5.516479e+05  3.221733e+07 0.00000 1 None   16    1
  17   285.107   347.634  0.812  0.448    5.612  100.357  4210.502 18935.227   5.887   3.884   21.558   11.854  283  287  346  349  1.642380e+07  5.606528e+05  2.444565e+08 0.00000 1 None   17    1
  18   374.426   348.912  3.095  0.381    5.176  100.336  3883.404 18931.326   8.501   4.173   31.133   12.734  371  378  347  352  1.448470e+07  5.517254e+05  4.878516e+08 0.00000 1 None   18    4
  19   333.952   353.173  0.687  0.478    5.373  100.267  4031.624 18918.324   5.361   4.495   19.632   13.719  332  336  352  355  1.484013e+07  5.509979e+05  2.209529e+08 0.00000 1 None   19    1
  20   373.082   354.567  0.912  0.523    5.182  100.245  3888.326 18914.070   6.969   4.394   25.520   13.410  369  377  352  358  2.003059e+07  5.605958e+05  7.490362e+08 0.00000 1 None   18    4
  21   285.744   357.222  0.914  0.474    5.609  100.202  4208.169 18905.969   5.121   4.085   18.753   12.467  284  287  356  358  1.351806e+07  5.561083e+05  1.328390e+08 0.00000 1 None   20    1
  22   373.043   360.450  1.899  1.234    5.183  100.150  3888.471 18896.117   9.040   5.859   33.105   17.879  369  376  356  364  1.547016e+07  5.551765e+05  9.373613e+08 0.00000 1 None   18    4
  23   373.117   364.628  0.961  0.440    5.182  100.082  3888.198 18883.367   7.507   4.502   27.490   13.741  369  377  362  367  2.261666e+07  5.569968e+05  7.840570e+08 0.00000 1 None   18    4
  24   370.406   369.845  2.228  0.974    5.195   99.998  3898.125 18867.445   6.143   5.349   22.495   16.324  370  371  370  370  1.021154e+07  5.553559e+05  1.999765e+07 0.00000 1 None   21    1
  25   372.631   374.202  1.896  0.584    5.185   99.927  3889.980 18854.148   6.308   4.330   23.102   13.214  371  374  373  375  1.196804e+07  5.559256e+05  1.237018e+08 0.00000 1 None   22    1
  26   209.088   402.628  0.444  0.441    5.983   99.467  4488.890 18767.398   6.853   5.926   25.095   18.085  204  214  399  407  3.900521e+07  5.529954e+05  1.913427e+09 0.00000 1 None   23    1
  27   248.509   424.696  0.992  0.343    5.790   99.110  4344.526 18700.051   5.289   3.880   19.369   11.842  246  251  423  426  1.988971e+07  5.679247e+05  3.179437e+08 0.00000 1 None   24    1
  28   319.883   432.245  1.056  0.850    5.442   98.988  4083.146 18677.016   5.438   4.776   19.913   14.577  319  320  432  433  1.063374e+07  5.537132e+05  3.991864e+07 0.00000 1 None   25    1
  29   302.535   445.433  1.262  0.441    5.527   98.775  4146.676 18636.768   8.234   5.677   30.153   17.326  297  309  441  449  4.020794e+07  5.593639e+05  2.840568e+09 0.00000 1 None   26   10
  30   321.882   458.999  1.157  0.219    5.432   98.556  4075.828 18595.369  11.662   5.671   42.706   17.308  314  330  455  463  4.410353e+07  5.483212e+05  4.540950e+09 0.00000 1 None   26   10
  31   338.329   459.177  5.185  0.554    5.352   98.553  4015.597 18594.824  10.917   4.365   39.980   13.322  330  340  458  460  1.221091e+07  5.528176e+05  4.456217e+08 0.00000 1 None   26   10
  32   306.610   459.569  0.173  0.076    5.507   98.546  4131.753 18593.629   6.806   4.743   24.925   14.475  302  312  457  463  1.617863e+08  5.619438e+05  6.642105e+09 0.00000 1 None   26   10
  33   457.697   459.836  1.134  0.585    4.769   98.542  3578.456 18592.812   5.567   4.809   20.386   14.677  455  459  458  462  1.380690e+07  5.529048e+05  2.595180e+08 0.00000 1 None   27    1
  34   280.524   467.193  1.542  0.771    5.634   98.423  4227.285 18570.363   6.982   6.901   25.570   21.061  277  286  463  472  2.281730e+07  5.556964e+05  2.248603e+09 0.00000 1 None   26   10
  35   323.703   470.645  2.030  0.395    5.423   98.367  4069.159 18559.828   8.465   3.877   31.001   11.832  318  327  468  472  1.827715e+07  5.613612e+05  6.601706e+08 0.00000 1 None   26   10
  36   285.241   474.164  0.164  0.058    5.611   98.310  4210.011 18549.088   6.510   4.428   23.841   13.514  280  290  471  477  1.172943e+08  5.522466e+05  4.403610e+09 0.00000 1 None   26   10
  37   306.820   475.173  0.117  0.042    5.506   98.294  4130.984 18546.008   6.173   4.008   22.605   12.232  303  311  472  478  1.344950e+08  5.528449e+05  4.084000e+09 0.00000 1 None   26   10
  38   457.695   474.984  1.000  0.496    4.769   98.297  3578.465 18546.586   5.163   4.677   18.908   14.274  456  459  474  476  1.349504e+07  5.535768e+05  1.373448e+08 0.00000 1 None   28    1
  39   256.403   477.363  0.988  0.357    5.752   98.259  4315.616 18539.324   6.562   4.413   24.033   13.467  252  261  474  480  2.674794e+07  5.604824e+05  1.046130e+09 0.00000 1 None   29   10
  40   322.689   478.719  0.708  0.251    5.428   98.237  4072.872 18535.188   6.026   3.977   22.068   12.137  319  327  477  481  2.679474e+07  5.583998e+05  6.874349e+08 0.00000 1 None   26   10
  41   256.844   483.358  0.771  0.510    5.750   98.162  4314.004 18521.031   6.888   5.131   25.226   15.659  253  262  479  487  2.480711e+07  5.551856e+05  1.490030e+09 0.00000 1 None   29   10
  42   264.439   483.279  1.346  0.534    5.713   98.163  4286.189 18521.271   7.588   5.864   27.789   17.894  259  269  479  487  2.730423e+07  5.549469e+05  1.849785e+09 0.00000 1 None   29   10
  43   285.615   482.516  1.948  1.800    5.609   98.175  4208.639 18523.602   5.987   5.750   21.927   17.547  285  287  479  483  1.096314e+07  5.614787e+05  1.755055e+08 0.00000 1 None   26   10
  44   212.675   485.987  1.504  0.732    5.965   98.119  4475.753 18513.006   6.199   5.670   22.702   17.303  211  215  485  487  1.337098e+07  5.523453e+05  1.728971e+08 0.00000 1 None   30    1
  45   229.823   486.184  1.151  0.540    5.882   98.116  4412.957 18512.408   7.306   5.361   26.755   16.360  227  235  484  490  1.900312e+07  5.512073e+05  8.985926e+08 0.00000 1 None   31    3
  46   234.751   488.916  1.328  0.522    5.858   98.072  4394.911 18504.068   7.477   5.670   27.381   17.303  230  239  485  493  1.934196e+07  5.500464e+05  1.294891e+09 0.00000 1 None   31    3
  47   265.874   490.296  0.547  0.425    5.706   98.049  4280.936 18499.859   7.967   6.617   29.175   20.193  260  272  485  495  4.434320e+07  5.509801e+05  3.645752e+09 0.00000 1 None   29   10
  48   230.660   491.969  4.428  0.570    5.878   98.022  4409.892 18494.754   9.188   5.526   33.648   16.863  227  237  488  494  1.654264e+07  5.549827e+05  1.083018e+09 0.00000 1 None   31    3
  49   363.948   491.754  0.270  0.132    5.227   98.026  3921.776 18495.408   7.200   4.775   26.368   14.573  359  369  489  495  6.842156e+07  5.518582e+05  2.830840e+09 0.00000 1 None   32    2
  50   248.478   495.273  1.145  0.710    5.791   97.969  4344.639 18484.668   6.490   6.666   23.768   20.342  245  253  490  500  2.656993e+07  5.578644e+05  1.440461e+09 0.00000 1 None   29   10
  51   276.362   495.125  3.598  0.436    5.654   97.971  4242.526 18485.119   9.885   5.477   36.199   16.714  269  282  491  498  2.293648e+07  5.541693e+05  1.965900e+09 0.00000 1 None   29   10
  52   334.012   495.451  0.819  2.239    5.373   97.966  4031.405 18484.127   5.984   7.867   21.914   24.008  332  336  493  498  1.540745e+07  5.524157e+05  3.648125e+08 0.00000 1 None   33    1
  53   459.088   495.222  0.993  1.731    4.763   97.970  3573.363 18484.826   5.380   6.964   19.704   21.251  458  460  494  496  1.061278e+07  5.494478e+05  8.824043e+07 0.00000 1 None   34    1
  54   261.269   495.705  4.746  0.386    5.728   97.962  4297.798 18483.350  14.552   4.402   53.290   13.433  251  271  493  498  2.157288e+07  5.541317e+05  2.286638e+09 0.00000 1 None   29   10
  55   267.434   495.806  2.028  0.473    5.698   97.960  4275.223 18483.043   9.617   6.095   35.219   18.599  260  274  492  499  2.867043e+07  5.515821e+05  2.482724e+09 0.00000 1 None   29   10
  56   374.884   495.732  0.255  0.074    5.174   97.961  3881.729 18483.270   7.852   4.090   28.754   12.481  369  381  493  499  9.235289e+07  5.540679e+05  3.886973e+09 0.00000 1 None   32    2
  57   475.684   495.573  1.257  0.804    4.682   97.964  3512.589 18483.752   5.333   4.239   19.531   12.935  475  477  495  496  1.219706e+07  5.659099e+05  6.698966e+07 0.00000 1 None   35    1
  58   248.360   500.961  0.932  0.459    5.791   97.877  4345.071 18467.311   5.323   5.009   19.493   15.286  246  251  497  503  1.691543e+07  5.545433e+05  5.722476e+08 0.00000 1 None   29   10
  59   277.485   501.027  2.240  0.365    5.649   97.876  4238.414 18467.107   6.842   4.100   25.057   12.514  275  280  500  503  1.422071e+07  5.555215e+05  2.628558e+08 0.00000 1 None   29   10
  60   229.777   503.102  1.571  0.288    5.882   97.842  4413.126 18460.777   6.475   3.256   23.713    9.936  228  231  503  504  1.177280e+07  5.514774e+05  8.160361e+07 0.00000 1 None   36    1
  61   286.075   503.044  2.708  0.328    5.607   97.843  4206.955 18460.955   9.387   3.550   34.378   10.834  284  293  503  504  1.166462e+07  5.477989e+05  2.515591e+08 0.00000 1 None   37    2
  62   333.798   503.471  0.103  0.058    5.374   97.836  4032.189 18459.650   5.783   3.833   21.179   11.699  330  338  500  506  1.468488e+08  5.684098e+05  3.890704e+09 0.00000 1 None   38    1
  63   366.108   503.060  1.399  0.357    5.216   97.843  3913.866 18460.904   6.078   3.373   22.259   10.293  366  366  503  503  9.827182e+06  5.505894e+05  9.814732e+06 0.00000 1 None   39    1
  64   458.868   503.426  1.019  0.828    4.764   97.837  3574.168 18459.789   5.080   3.953   18.603   12.065  459  459  503  503  1.014877e+07  5.631650e+05  9.900782e+06 0.00000 1 None   40    1
  65   292.201   504.021  0.983  0.337    5.577   97.827  4184.521 18457.973   6.430   4.451   23.546   13.584  287  295  503  506  1.787351e+07  5.518699e+05  4.451719e+08 0.00000 1 None   37    2
  66   217.851   508.271  1.009  2.567    5.940   97.759  4456.801 18445.002   5.177   8.049   18.959   24.564  217  218  507  514  1.043233e+07  5.505860e+05  1.549179e+08 0.00000 1 None   41    3
  67   252.980   508.502  0.603  0.857    5.769   97.755  4328.152 18444.299   4.614   4.310   16.896   13.152  252  254  507  510  1.302757e+07  5.654248e+05  1.264583e+08 0.00000 1 None   42    1
  68   230.173   509.539  1.092  0.718    5.880   97.738  4411.675 18441.133   5.106   3.612   18.698   11.023  230  230  509  510  1.037425e+07  5.704801e+05  1.991533e+07 0.00000 1 None   43    1
  69   285.711   511.701  0.124  0.046    5.609   97.703  4208.288 18434.535   5.938   3.877   21.745   11.832  282  290  509  515  1.434576e+08  5.591268e+05  3.914372e+09 0.00000 1 None   44    1
  70   218.257   513.282  1.565  4.349    5.938   97.678  4455.314 18429.709   5.864  10.254   21.476   31.294  218  219  507  515  1.021244e+07  5.499013e+05  1.764189e+08 0.00000 1 None   41    3
  71   218.120   514.714  1.113  1.404    5.939   97.654  4455.814 18425.340   5.542   5.891   20.294   17.979  218  219  511  515  1.047968e+07  5.519111e+05  9.905299e+07 0.00000 1 None   41    3
  72   373.082   516.917  1.117  0.350    5.182   97.619  3888.328 18418.617   6.864   4.133   25.137   12.612  370  376  516  520  1.528468e+07  5.504431e+05  3.980128e+08 0.00000 1 None   45    3
  73   373.312   526.178  0.111  0.024    5.181   97.469  3887.486 18390.355   6.901   3.829   25.274   11.687  368  378  523  529  2.210397e+08  5.541030e+05  7.352561e+09 0.00000 1 None   45    3
  74   459.681   526.130  0.950  0.223    4.760   97.470  3571.192 18390.500   5.399   3.267   19.773    9.969  458  462  525  527  1.603938e+07  5.561836e+05  1.782656e+08 0.00000 1 None   46    1
  75   475.926   526.194  0.548  0.219    4.680   97.469  3511.702 18390.307   5.528   3.501   20.243   10.684  472  479  525  528  2.030133e+07  5.536101e+05  3.974985e+08 0.00000 1 None   47    1
  76   370.027   536.460  0.274  0.140    5.197   97.303  3899.515 18358.975   8.352   4.780   30.585   14.589  364  376  533  539  9.208601e+07  5.590886e+05  4.362268e+09 0.00000 1 None   45    3
  77   195.366   554.031  1.522  0.680    6.050   97.019  4539.142 18305.355   6.265   5.667   22.943   17.293  193  198  552  556  1.449280e+07  5.535181e+05  3.376622e+08 0.00000 1 None   48    1
  78   195.130   559.972  1.579  0.607    6.051   96.922  4540.008 18287.223   6.617   4.605   24.231   14.053  194  196  560  560  1.057735e+07  5.501165e+05  3.064022e+07 0.00000 1 None   49    1
  79   246.585   564.578  0.429  0.492    5.800   96.848  4351.573 18273.166   5.135   5.864   18.807   17.896  243  250  561  569  3.822792e+07  5.620849e+05  1.432449e+09 0.00000 1 None   50    2
  80   246.326   570.327  0.482  0.718    5.801   96.755  4352.521 18255.623   4.961   6.481   18.168   19.779  243  249  565  573  2.700746e+07  5.562904e+05  1.220821e+09 0.00000 1 None   50    2
  81   320.188   668.217  0.338  0.318    5.441   95.172  4082.031 17956.885   5.840   5.951   21.386   18.161  316  324  664  672  4.205554e+07  5.514891e+05  1.840292e+09 0.00000 1 None   51    1
  82   309.770   697.023  0.234  0.138    5.491   94.706  4120.182 17868.979   5.841   5.441   21.390   16.604  306  314  693  701  6.487834e+07  5.506858e+05  2.679402e+09 0.00000 1 None   52    8
  83   306.945   719.406  0.160  0.416    5.505   94.344  4130.527 17800.670   7.309   9.766   26.766   29.803  302  312  712  726  1.188803e+08  5.504578e+05  1.341694e+10 0.00000 1 None   52    8
  84   328.213   719.283  0.194  0.137    5.401   94.346  4052.641 17801.045   5.972   5.107   21.871   15.585  324  332  715  723  8.044569e+07  5.539106e+05  3.285652e+09 0.00000 1 None   52    8
  85   340.872   718.950  1.374  0.622    5.340   94.351  4006.284 17802.061   7.744   5.817   28.361   17.751  336  344  716  723  1.658088e+07  5.486269e+05  9.062853e+08 0.00000 1 None   52    8
  86   457.914   718.872  0.782  1.402    4.768   94.352  3577.664 17802.299   5.218   7.338   19.108   22.394  456  459  716  721  1.260843e+07  5.482414e+05  2.525640e+08 0.00000 1 None   53    1
  87   342.094   726.242  1.179  4.980    5.334   94.233  4001.807 17779.809   6.419  12.739   23.506   38.877  340  344  717  730  1.277568e+07  5.489902e+05  8.425258e+08 0.00000 1 None   52    8
  88   458.254   728.271  0.740  2.142    4.767   94.200  3576.416 17773.613   4.831   8.674   17.692   26.472  457  460  725  732  1.465418e+07  5.529338e+05  3.590094e+08 0.00000 1 None   54    1
  89   311.249   728.482  0.472  0.219    5.484   94.197  4114.765 17772.971  11.693   6.943   42.821   21.189  303  319  723  733  1.357929e+08  5.548461e+05  1.491554e+10 0.00000 1 None   52    8
  90   345.671   729.171  3.562  1.135    5.316   94.186  3988.709 17770.869   9.483   6.567   34.728   20.041  341  348  727  731  1.333262e+07  5.506390e+05  4.544150e+08 0.00000 1 None   52    8
  91   279.758   739.209  0.216  0.239    5.638   94.023  4230.090 17740.236   5.875   6.833   21.513   20.852  276  284  734  744  7.278365e+07  5.514124e+05  4.004732e+09 0.00000 1 None   55    1
  92   457.064   740.515  0.859  6.287    4.772   94.002  3580.775 17736.250   4.945  10.229   18.107   31.217  457  457  739  742  1.023615e+07  5.517856e+05  3.985529e+07 0.00000 1 None   56    1
  93   303.338   743.384  0.364  0.426    5.523   93.956  4143.738 17727.492   8.234   9.205   30.154   28.090  297  309  736  750  1.000909e+08  5.518416e+05  1.003725e+10 0.00000 1 None   52    8
  94   336.840   743.415  1.559  1.551    5.359   93.955  4021.049 17727.400   7.056   6.164   25.840   18.811  334  339  741  745  1.291114e+07  5.541226e+05  3.162703e+08 0.00000 1 None   57    1
  95   256.125   758.045  0.115  0.083    5.753   93.719  4316.634 17682.754   5.573   5.289   20.410   16.140  252  260  754  762  1.023200e+08  5.498549e+05  3.991220e+09 0.00000 1 None   58   14
  96   289.951   758.451  0.887  1.742    5.588   93.712  4192.761 17681.514   5.260   5.928   19.262   18.091  289  291  757  760  1.126248e+07  5.559840e+05  1.196914e+08 0.00000 1 None   59    1
  97   264.049   770.114  0.163  0.115    5.715   93.524  4287.619 17645.922   6.079   5.333   22.264   16.275  260  268  766  774  8.006616e+07  5.494911e+05  3.616477e+09 0.00000 1 None   58   14
  98   298.625   769.999  1.343  0.573    5.546   93.525  4160.996 17646.273   5.096   4.533   18.663   13.833  298  299  769  772  1.102284e+07  5.554055e+05  8.032697e+07 0.00000 1 None   60    2
  99   298.817   771.757  1.369  0.824    5.545   93.497  4160.292 17640.908   5.808   4.623   21.270   14.108  298  299  769  772  1.021821e+07  5.516556e+05  8.032697e+07 0.00000 1 None   60    2
 100   229.659   776.065  0.318  0.118    5.882   93.427  4413.559 17627.760   6.710   5.365   24.572   16.372  225  235  772  780  7.615396e+07  5.520729e+05  4.071026e+09 0.00000 1 None   58   14
 101   212.725   776.542  0.306  0.363    5.965   93.420  4475.570 17626.303   5.947   6.014   21.778   18.353  209  217  773  781  5.666258e+07  5.575111e+05  2.390735e+09 0.00000 1 None   58   14
 102   245.379   779.015  4.090  4.466    5.806   93.380  4355.990 17618.756  10.716  15.413   39.243   47.037  237  253  775  790  1.608597e+07  5.499823e+05  5.827957e+09 0.00000 1 None   58   14
 103   235.095   782.538  0.243  0.409    5.856   93.323  4393.651 17608.006   6.633   6.966   24.292   21.257  230  240  778  788  6.738424e+07  5.537210e+05  4.695490e+09 0.00000 1 None   58   14
 104   260.244   782.831  0.270  0.103    5.733   93.318  4301.552 17607.111   7.962   5.622   29.157   17.157  254  266  779  787  1.071197e+08  5.506979e+05  8.096534e+09 0.00000 1 None   58   14
 105   293.384   782.701  1.156  0.720    5.571   93.320  4180.190 17607.510   6.122   5.568   22.418   16.992  289  296  780  787  1.895085e+07  5.565368e+05  7.367942e+08 0.00000 1 None   58   14
 106   333.254   782.856  0.549  0.428    5.377   93.317  4034.182 17607.035   6.454   6.669   23.635   20.352  328  338  778  788  3.512238e+07  5.507205e+05  2.162097e+09 0.00000 1 None   61    1
 107   457.009   783.513  1.009  3.138    4.773   93.307  3580.978 17605.031   5.487   7.359   20.092   22.459  456  458  783  784  1.058197e+07  5.545879e+05  6.000300e+07 0.00000 1 None   62    1
 108   266.791   784.678  0.235  0.891    5.701   93.288  4277.576 17601.473   8.096  15.372   29.648   46.910  261  273  774  796  1.194903e+08  5.490469e+05  1.746875e+10 0.00000 1 None   58   14
 109   293.479   787.350  3.038  2.311    5.571   93.245  4179.843 17593.320   7.072   7.324   25.898   22.351  292  298  782  789  1.114966e+07  5.553256e+05  6.486595e+08 0.00000 1 None   58   14
 110   300.725   787.451  2.134  1.104    5.536   93.243  4153.305 17593.012   8.116   5.475   29.721   16.708  295  307  783  791  1.518622e+07  5.566439e+05  1.309714e+09 0.00000 1 None   58   14
 111   311.426   789.808  2.464  1.399    5.483   93.205  4114.118 17585.818   9.134   8.986   33.449   27.423  305  315  786  796  2.096182e+07  5.505265e+05  1.619478e+09 0.00000 1 None   58   14
 112   454.694   793.204  2.669  2.321    4.784   93.150  3589.455 17575.457   7.189   7.847   26.326   23.947  455  455  793  793  9.848861e+06  5.524209e+05  9.800025e+06 0.00000 1 None   63    1
 113   248.400   794.405  0.190  0.169    5.791   93.131  4344.927 17571.789   5.309   5.360   19.443   16.357  244  252  790  798  9.002202e+07  5.617156e+05  3.448142e+09 0.00000 1 None   58   14
 114   277.320   793.818  0.356  0.145    5.650   93.140  4239.019 17573.582   7.875   6.050   28.837   18.464  271  283  790  798  9.050316e+07  5.512953e+05  6.034998e+09 0.00000 1 None   58   14
 115   403.057   802.742  1.417  1.257    5.036   92.996  3778.555 17546.346   8.787   7.777   32.180   23.734  399  408  800  807  1.935692e+07  5.492421e+05  1.030646e+09 0.00000 1 None   64    1
 116   230.437   810.070  0.321  0.135    5.879   92.877  4410.710 17523.982   5.783   5.286   21.177   16.131  226  234  806  814  6.569027e+07  5.556797e+05  2.606244e+09 0.00000 1 None   65    1
 117   263.896   810.195  0.711  1.063    5.715   92.875  4288.177 17523.604   4.860   6.002   17.797   18.315  263  265  809  812  1.233433e+07  5.513271e+05  1.275226e+08 0.00000 1 None   66    1
 118   218.751   812.309  2.536  1.855    5.936   92.841  4453.505 17517.150   7.420   6.494   27.174   19.819  218  219  812  817  1.004836e+07  5.520072e+05  1.541334e+08 0.00000 1 None   67    2
 119   292.331   812.202  0.315  0.150    5.577   92.843  4184.047 17517.479   5.915   4.890   21.662   14.922  288  296  809  815  5.912247e+07  5.546476e+05  2.033684e+09 0.00000 1 None   68    1
 120   325.754   811.963  1.138  0.483    5.413   92.847  4061.647 17518.207   4.966   3.952   18.187   12.060  326  326  812  812  9.914317e+06  5.525711e+05  9.864008e+06 0.00000 1 None   69    1
 121   253.255   822.284  0.284  0.309    5.767   92.680  4327.146 17486.711   5.871   6.428   21.499   19.616  249  257  817  827  5.675379e+07  5.530615e+05  2.844119e+09 0.00000 1 None   70    1
 122   218.002   822.795  0.409  2.084    5.939   92.671  4456.245 17485.152   5.585  12.246   20.453   37.371  214  222  814  832  2.648288e+07  5.479411e+05  2.485102e+09 0.00000 1 None   67    2
 123   259.814   835.957  0.371  0.229    5.735   92.459  4303.125 17444.984   4.696   4.284   17.197   13.073  257  263  834  839  2.466419e+07  5.530675e+05  5.707748e+08 0.00000 1 None   71    1
 124   275.140   836.745  0.581  0.589    5.660   92.446  4247.002 17442.578   4.826   4.785   17.672   14.602  273  277  835  839  1.567012e+07  5.536833e+05  2.789215e+08 0.00000 1 None   72    1
 125   264.610   844.815  4.086  0.796    5.712   92.315  4285.563 17417.953   9.826   6.498   35.983   19.832  260  272  841  850  1.925494e+07  5.542124e+05  1.920498e+09 0.00000 1 None   73    2
 126   268.775   846.977  1.171  1.657    5.692   92.280  4270.309 17411.352   7.489  10.743   27.424   32.785  264  273  839  855  2.105993e+07  5.493179e+05  2.310214e+09 0.00000 1 None   73    2
 127   217.136   848.666  0.384  0.414    5.944   92.253  4459.419 17406.199   4.789   4.587   17.537   13.999  215  220  846  851  2.348672e+07  5.571577e+05  4.988067e+08 0.00000 1 None   74    1
 128   311.171   859.600  1.019  3.194    5.485   92.076  4115.052 17372.830   6.370  10.017   23.328   30.570  308  314  853  864  1.617192e+07  5.510712e+05  9.904662e+08 0.00000 1 None   75    1
 129   272.779   902.055  1.174  1.378    5.672   91.389  4255.649 17243.270   5.703   7.370   20.885   22.490  271  274  900  907  1.214599e+07  5.511679e+05  3.349771e+08 0.00000 1 None   76    1
 130   195.397   912.163  0.521  0.205    6.050   91.226  4539.029 17212.422   6.963   5.685   25.500   17.349  190  200  908  916  5.513058e+07  5.530212e+05  2.728909e+09 0.00000 1 None   77    1
 131   291.155   920.185  1.083  1.452    5.582   91.096  4188.354 17187.941   6.143   7.473   22.498   22.804  289  293  917  925  1.376169e+07  5.500856e+05  5.020428e+08 0.00000 1 None   78    2
 132   291.946   924.624  1.035  1.100    5.578   91.024  4185.455 17174.393   6.191   5.453   22.673   16.641  290  294  921  927  1.335606e+07  5.546366e+05  3.916999e+08 0.00000 1 None   78    2
 133   246.570   933.147  0.125  0.121    5.800   90.887  4351.628 17148.383   5.056   6.671   18.515   20.359  243  251  928  938  1.273082e+08  5.574767e+05  5.843341e+09 0.00000 1 None   79    1
 134   280.664   933.224  1.033  1.135    5.633   90.885  4226.771 17148.146   5.046   6.218   18.480   18.975  279  282  931  936  1.318872e+07  5.543898e+05  2.530722e+08 0.00000 1 None   80    1
 135   246.239   987.423  1.196  3.256    5.802   90.009  4352.841 16982.746   5.319   8.080   19.478   24.658  246  247  986  988  1.075681e+07  5.531029e+05  6.144448e+07 0.00000 1 None   81    1
