##TITLE= Parameter file, TOPSPIN		Version 3.0
##JCAMPDX= 5.0
##DATATYPE= Parameter Values
##NPOINTS= 12	$$ modification sequence number
##ORIGIN= Bruker BioSpin GmbH
##OWNER= anda
$$ 2013-01-14 15:50:39.412 +0100  anda@ms17.nmr.ch.tum.de
$$ /data1/anda/spektren/data/hnrnp_A1_stemregion18a/nmr/anda_18a_stem_CN_PAT/183/pdata/1/clevels
$$ process /opt/topspin3.0_pat/prog/au/bin/clev
##$LEVELS= (0..255)
-667237.60036432 -558233.060062665 -467036.25391731 -390737.987550626 -326904.332660533
-273498.984273656 -228818.302253576 -191436.964876699 -160162.500815119
-133997.249088623 -112106.533501527 -93792.0363232002 -78469.5218279375
-65650.1990711344 -54925.1293709949 -45952.1810916635 -38445.1155830348
-32164.4561167749 -26909.8485359859 -22513.669921875 22513.669921875 26909.8485359859
32164.4561167749 38445.1155830348 45952.1810916635 54925.1293709949 65650.1990711344
78469.5218279375 93792.0363232002 112106.533501527 133997.249088623 160162.500815119
191436.964876699 228818.302253576 273498.984273656 326904.332660533 390737.987550626
467036.25391731 558233.060062665 667237.60036432 0 0 0 0 0 0 0 0 0 0 0
0 0 0 0 0 0 0 0 0 0 0 0 0 0 0 0 0 0 0 0 0 0 0 0 0 0 0 0 0 0 0 0 0 0 0 0
0 0 0 0 0 0 0 0 0 0 0 0 0 0 0 0 0 0 0 0 0 0 0 0 0 0 0 0 0 0 0 0 0 0 0 0
0 0 0 0 0 0 0 0 0 0 0 0 0 0 0 0 0 0 0 0 0 0 0 0 0 0 0 0 0 0 0 0 0 0 0 0
0 0 0 0 0 0 0 0 0 0 0 0 0 0 0 0 0 0 0 0 0 0 0 0 0 0 0 0 0 0 0 0 0 0 0 0
0 0 0 0 0 0 0 0 0 0 0 0 0 0 0 0 0 0 0 0 0 0 0 0 0 0 0 0 0 0 0 0 0 0 0 0
0 0 0 0 0 0 0 0 0 0 0 0 0 0 0 0 0 0 0 0 0 0 0 0 0
##$LEVSIGN= 0
##$MAXLEV= 20
##$METHOD= 0
##$NEGBASE= -22513.669921875
##$NEGINCR= 1.19526708126068
##$POSBASE= 22513.669921875
##$POSINCR= 1.19526708126068
##END=
