##TITLE= /t/xw3.5b/exp/stan/nmr/lists/wave/rna_phs8,0.7,4m.1
##JCAMP-DX= 5.00 Bruker JCAMP library
##DATA TYPE= Shape Data
##ORIGIN= Bruker Analytik GmbH
##OWNER= <demo>
##DATE= 03/02/24
##TIME= 16:12:27
##$SHAPE_PARAMETERS= Type: CaPowHsec ; Total Sweep-Width (in Hz): 8000 ; Length of Pulse (in usec): 4000 ; Value for Beta: 5.3 ; Amplitude Power Index: 0.7 ; 1=High to low field; -1=Low to high field: -1 
##MINX= 9.982939e-01
##MAXX= 9.991132e+01
##MINY= 1.399556e-02
##MAXY= 3.599962e+02
##$SHAPE_EXMODE= Adiabatic
##$SHAPE_TOTROT= 1.800000e+02
##$SHAPE_BWFAC= 3.013200e+01
##$SHAPE_INTEGFAC= 3.186398e-02
##$SHAPE_MODE= 0
##NPOINTS= 1000
##XYPOINTS= (XY..XY)
9.982939e-01, 8.699778e+01
1.005738e+00, 8.124354e+01
1.013242e+00, 7.548932e+01
1.020807e+00, 6.973511e+01
1.028433e+00, 6.398091e+01
1.036121e+00, 5.822672e+01
1.043870e+00, 5.247254e+01
1.051683e+00, 4.671838e+01
1.059559e+00, 4.096423e+01
1.067498e+00, 3.521009e+01
1.075502e+00, 2.945596e+01
1.083571e+00, 2.370185e+01
1.091706e+00, 1.794775e+01
1.099906e+00, 1.219366e+01
1.108174e+00, 6.439592e+00
1.116508e+00, 6.855329e-01
1.124911e+00, 3.549315e+02
1.133382e+00, 3.491775e+02
1.141922e+00, 3.434234e+02
1.150532e+00, 3.376694e+02
1.159212e+00, 3.319155e+02
1.167963e+00, 3.261615e+02
1.176786e+00, 3.204075e+02
1.185681e+00, 3.146536e+02
1.194649e+00, 3.088997e+02
1.203690e+00, 3.031457e+02
1.212806e+00, 2.973919e+02
1.221996e+00, 2.916380e+02
1.231262e+00, 2.858841e+02
1.240605e+00, 2.801303e+02
1.250024e+00, 2.743765e+02
1.259521e+00, 2.686226e+02
1.269096e+00, 2.628689e+02
1.278750e+00, 2.571151e+02
1.288484e+00, 2.513613e+02
1.298298e+00, 2.456076e+02
1.308193e+00, 2.398539e+02
1.318170e+00, 2.341002e+02
1.328230e+00, 2.283465e+02
1.338373e+00, 2.225928e+02
1.348601e+00, 2.168392e+02
1.358913e+00, 2.110856e+02
1.369311e+00, 2.053320e+02
1.379795e+00, 1.995784e+02
1.390367e+00, 1.938249e+02
1.401027e+00, 1.880713e+02
1.411775e+00, 1.823178e+02
1.422613e+00, 1.765643e+02
1.433542e+00, 1.708109e+02
1.444562e+00, 1.650574e+02
1.455674e+00, 1.593040e+02
1.466878e+00, 1.535506e+02
1.478177e+00, 1.477972e+02
1.489571e+00, 1.420439e+02
1.501060e+00, 1.362906e+02
1.512645e+00, 1.305373e+02
1.524328e+00, 1.247840e+02
1.536109e+00, 1.190308e+02
1.547989e+00, 1.132775e+02
1.559969e+00, 1.075244e+02
1.572050e+00, 1.017712e+02
1.584232e+00, 9.601806e+01
1.596518e+00, 9.026495e+01
1.608908e+00, 8.451187e+01
1.621402e+00, 7.875882e+01
1.634002e+00, 7.300580e+01
1.646708e+00, 6.725281e+01
1.659523e+00, 6.149985e+01
1.672446e+00, 5.574692e+01
1.685478e+00, 4.999402e+01
1.698622e+00, 4.424116e+01
1.711877e+00, 3.848833e+01
1.725245e+00, 3.273552e+01
1.738726e+00, 2.698276e+01
1.752323e+00, 2.123002e+01
1.766036e+00, 1.547733e+01
1.779866e+00, 9.724661e+00
1.793814e+00, 3.972033e+00
1.807881e+00, 3.582194e+02
1.822069e+00, 3.524669e+02
1.836378e+00, 3.467144e+02
1.850810e+00, 3.409619e+02
1.865365e+00, 3.352094e+02
1.880046e+00, 3.294570e+02
1.894853e+00, 3.237047e+02
1.909788e+00, 3.179524e+02
1.924851e+00, 3.122001e+02
1.940043e+00, 3.064478e+02
1.955367e+00, 3.006956e+02
1.970824e+00, 2.949435e+02
1.986413e+00, 2.891914e+02
2.002138e+00, 2.834393e+02
2.017999e+00, 2.776873e+02
2.033997e+00, 2.719353e+02
2.050133e+00, 2.661834e+02
2.066410e+00, 2.604315e+02
2.082829e+00, 2.546797e+02
2.099390e+00, 2.489279e+02
2.116095e+00, 2.431761e+02
2.132945e+00, 2.374244e+02
2.149943e+00, 2.316728e+02
2.167089e+00, 2.259212e+02
2.184384e+00, 2.201697e+02
2.201831e+00, 2.144182e+02
2.219431e+00, 2.086668e+02
2.237184e+00, 2.029154e+02
2.255093e+00, 1.971641e+02
2.273159e+00, 1.914129e+02
2.291384e+00, 1.856617e+02
2.309769e+00, 1.799105e+02
2.328316e+00, 1.741594e+02
2.347026e+00, 1.684084e+02
2.365901e+00, 1.626575e+02
2.384943e+00, 1.569066e+02
2.404153e+00, 1.511558e+02
2.423532e+00, 1.454050e+02
2.443083e+00, 1.396543e+02
2.462807e+00, 1.339037e+02
2.482706e+00, 1.281531e+02
2.502781e+00, 1.224026e+02
2.523034e+00, 1.166522e+02
2.543468e+00, 1.109018e+02
2.564083e+00, 1.051516e+02
2.584882e+00, 9.940135e+01
2.605867e+00, 9.365122e+01
2.627038e+00, 8.790116e+01
2.648399e+00, 8.215119e+01
2.669950e+00, 7.640129e+01
2.691694e+00, 7.065147e+01
2.713633e+00, 6.490174e+01
2.735769e+00, 5.915208e+01
2.758104e+00, 5.340251e+01
2.780638e+00, 4.765303e+01
2.803376e+00, 4.190363e+01
2.826318e+00, 3.615432e+01
2.849467e+00, 3.040510e+01
2.872825e+00, 2.465597e+01
2.896393e+00, 1.890694e+01
2.920175e+00, 1.315799e+01
2.944171e+00, 7.409147e+00
2.968385e+00, 1.660398e+00
2.992818e+00, 3.559117e+02
3.017473e+00, 3.501632e+02
3.042351e+00, 3.444148e+02
3.067456e+00, 3.386664e+02
3.092789e+00, 3.329182e+02
3.118353e+00, 3.271700e+02
3.144150e+00, 3.214220e+02
3.170183e+00, 3.156741e+02
3.196453e+00, 3.099263e+02
3.222963e+00, 3.041786e+02
3.249717e+00, 2.984311e+02
3.276715e+00, 2.926836e+02
3.303961e+00, 2.869363e+02
3.331457e+00, 2.811891e+02
3.359206e+00, 2.754420e+02
3.387211e+00, 2.696950e+02
3.415473e+00, 2.639482e+02
3.443996e+00, 2.582015e+02
3.472782e+00, 2.524550e+02
3.501834e+00, 2.467085e+02
3.531155e+00, 2.409623e+02
3.560748e+00, 2.352161e+02
3.590614e+00, 2.294701e+02
3.620758e+00, 2.237242e+02
3.651182e+00, 2.179785e+02
3.681889e+00, 2.122330e+02
3.712882e+00, 2.064876e+02
3.744164e+00, 2.007423e+02
3.775737e+00, 1.949972e+02
3.807606e+00, 1.892523e+02
3.839772e+00, 1.835075e+02
3.872240e+00, 1.777629e+02
3.905011e+00, 1.720184e+02
3.938091e+00, 1.662742e+02
3.971480e+00, 1.605301e+02
4.005184e+00, 1.547861e+02
4.039205e+00, 1.490424e+02
4.073547e+00, 1.432988e+02
4.108212e+00, 1.375555e+02
4.143205e+00, 1.318123e+02
4.178529e+00, 1.260693e+02
4.214187e+00, 1.203265e+02
4.250183e+00, 1.145839e+02
4.286521e+00, 1.088415e+02
4.323203e+00, 1.030993e+02
4.360234e+00, 9.735736e+01
4.397618e+00, 9.161560e+01
4.435358e+00, 8.587405e+01
4.473459e+00, 8.013273e+01
4.511923e+00, 7.439163e+01
4.550755e+00, 6.865076e+01
4.589958e+00, 6.291012e+01
4.629538e+00, 5.716972e+01
4.669497e+00, 5.142956e+01
4.709840e+00, 4.568964e+01
4.750572e+00, 3.994997e+01
4.791695e+00, 3.421056e+01
4.833215e+00, 2.847140e+01
4.875136e+00, 2.273251e+01
4.917462e+00, 1.699388e+01
4.960198e+00, 1.125553e+01
5.003347e+00, 5.517448e+00
5.046915e+00, 3.597796e+02
5.090906e+00, 3.540421e+02
5.135325e+00, 3.483049e+02
5.180176e+00, 3.425680e+02
5.225465e+00, 3.368314e+02
5.271195e+00, 3.310950e+02
5.317372e+00, 3.253590e+02
5.364001e+00, 3.196234e+02
5.411086e+00, 3.138880e+02
5.458633e+00, 3.081529e+02
5.506647e+00, 3.024182e+02
5.555133e+00, 2.966839e+02
5.604096e+00, 2.909499e+02
5.653542e+00, 2.852162e+02
5.703476e+00, 2.794829e+02
5.753903e+00, 2.737500e+02
5.804829e+00, 2.680174e+02
5.856259e+00, 2.622852e+02
5.908199e+00, 2.565534e+02
5.960655e+00, 2.508220e+02
6.013633e+00, 2.450910e+02
6.067138e+00, 2.393604e+02
6.121176e+00, 2.336302e+02
6.175754e+00, 2.279004e+02
6.230877e+00, 2.221711e+02
6.286552e+00, 2.164421e+02
6.342785e+00, 2.107137e+02
6.399581e+00, 2.049857e+02
6.456949e+00, 1.992581e+02
6.514893e+00, 1.935310e+02
6.573421e+00, 1.878044e+02
6.632540e+00, 1.820783e+02
6.692255e+00, 1.763526e+02
6.752575e+00, 1.706275e+02
6.813505e+00, 1.649029e+02
6.875053e+00, 1.591788e+02
6.937226e+00, 1.534552e+02
7.000031e+00, 1.477322e+02
7.063475e+00, 1.420097e+02
7.127566e+00, 1.362878e+02
7.192312e+00, 1.305665e+02
7.257719e+00, 1.248457e+02
7.323796e+00, 1.191255e+02
7.390550e+00, 1.134060e+02
7.457990e+00, 1.076870e+02
7.526122e+00, 1.019687e+02
7.594956e+00, 9.625099e+01
7.664500e+00, 9.053394e+01
7.734761e+00, 8.481755e+01
7.805748e+00, 7.910183e+01
7.877470e+00, 7.338680e+01
7.949936e+00, 6.767246e+01
8.023153e+00, 6.195883e+01
8.097132e+00, 5.624593e+01
8.171881e+00, 5.053376e+01
8.247408e+00, 4.482234e+01
8.323725e+00, 3.911168e+01
8.400839e+00, 3.340180e+01
8.478760e+00, 2.769272e+01
8.557499e+00, 2.198444e+01
8.637063e+00, 1.627698e+01
8.717465e+00, 1.057036e+01
8.798713e+00, 4.864596e+00
8.880818e+00, 3.591597e+02
8.963790e+00, 3.534557e+02
9.047639e+00, 3.477526e+02
9.132376e+00, 3.420504e+02
9.218013e+00, 3.363491e+02
9.304558e+00, 3.306488e+02
9.392025e+00, 3.249495e+02
9.480423e+00, 3.192512e+02
9.569765e+00, 3.135538e+02
9.660061e+00, 3.078575e+02
9.751324e+00, 3.021623e+02
9.843565e+00, 2.964681e+02
9.936795e+00, 2.907750e+02
1.003103e+01, 2.850830e+02
1.012628e+01, 2.793921e+02
1.022255e+01, 2.737024e+02
1.031987e+01, 2.680139e+02
1.041823e+01, 2.623266e+02
1.051767e+01, 2.566404e+02
1.061818e+01, 2.509556e+02
1.071978e+01, 2.452720e+02
1.082249e+01, 2.395896e+02
1.092632e+01, 2.339086e+02
1.103128e+01, 2.282290e+02
1.113739e+01, 2.225507e+02
1.124466e+01, 2.168737e+02
1.135311e+01, 2.111983e+02
1.146275e+01, 2.055242e+02
1.157360e+01, 1.998516e+02
1.168566e+01, 1.941806e+02
1.179897e+01, 1.885111e+02
1.191352e+01, 1.828431e+02
1.202935e+01, 1.771767e+02
1.214646e+01, 1.715120e+02
1.226487e+01, 1.658489e+02
1.238460e+01, 1.601875e+02
1.250566e+01, 1.545278e+02
1.262807e+01, 1.488699e+02
1.275185e+01, 1.432137e+02
1.287702e+01, 1.375594e+02
1.300359e+01, 1.319070e+02
1.313158e+01, 1.262564e+02
1.326101e+01, 1.206078e+02
1.339190e+01, 1.149612e+02
1.352427e+01, 1.093165e+02
1.365814e+01, 1.036740e+02
1.379352e+01, 9.803350e+01
1.393043e+01, 9.239516e+01
1.406891e+01, 8.675900e+01
1.420895e+01, 8.112506e+01
1.435060e+01, 7.549338e+01
1.449386e+01, 6.986402e+01
1.463876e+01, 6.423702e+01
1.478532e+01, 5.861243e+01
1.493356e+01, 5.299029e+01
1.508350e+01, 4.737065e+01
1.523517e+01, 4.175357e+01
1.538859e+01, 3.613909e+01
1.554378e+01, 3.052728e+01
1.570077e+01, 2.491817e+01
1.585958e+01, 1.931184e+01
1.602023e+01, 1.370832e+01
1.618274e+01, 8.107693e+00
1.634715e+01, 2.510004e+00
1.651348e+01, 3.569153e+02
1.668175e+01, 3.513237e+02
1.685199e+01, 3.457352e+02
1.702423e+01, 3.401499e+02
1.719849e+01, 3.345678e+02
1.737480e+01, 3.289891e+02
1.755318e+01, 3.234137e+02
1.773367e+01, 3.178418e+02
1.791630e+01, 3.122735e+02
1.810108e+01, 3.067087e+02
1.828806e+01, 3.011477e+02
1.847726e+01, 2.955903e+02
1.866871e+01, 2.900369e+02
1.886244e+01, 2.844873e+02
1.905849e+01, 2.789417e+02
1.925688e+01, 2.734002e+02
1.945765e+01, 2.678629e+02
1.966082e+01, 2.623298e+02
1.986644e+01, 2.568010e+02
2.007453e+01, 2.512767e+02
2.028513e+01, 2.457570e+02
2.049827e+01, 2.402418e+02
2.071399e+01, 2.347313e+02
2.093232e+01, 2.292257e+02
2.115331e+01, 2.237250e+02
2.137698e+01, 2.182293e+02
2.160337e+01, 2.127388e+02
2.183252e+01, 2.072535e+02
2.206447e+01, 2.017735e+02
2.229925e+01, 1.962990e+02
2.253691e+01, 1.908301e+02
2.277749e+01, 1.853669e+02
2.302102e+01, 1.799095e+02
2.326755e+01, 1.744581e+02
2.351712e+01, 1.690128e+02
2.376977e+01, 1.635736e+02
2.402554e+01, 1.581408e+02
2.428447e+01, 1.527145e+02
2.454662e+01, 1.472949e+02
2.481202e+01, 1.418819e+02
2.508072e+01, 1.364759e+02
2.535276e+01, 1.310770e+02
2.562820e+01, 1.256853e+02
2.590708e+01, 1.203009e+02
2.618944e+01, 1.149241e+02
2.647533e+01, 1.095550e+02
2.676481e+01, 1.041938e+02
2.705793e+01, 9.884058e+01
2.735472e+01, 9.349561e+01
2.765525e+01, 8.815904e+01
2.795957e+01, 8.283107e+01
2.826773e+01, 7.751187e+01
2.857977e+01, 7.220165e+01
2.889576e+01, 6.690060e+01
2.921575e+01, 6.160893e+01
2.953980e+01, 5.632684e+01
2.986795e+01, 5.105456e+01
3.020028e+01, 4.579229e+01
3.053682e+01, 4.054026e+01
3.087765e+01, 3.529871e+01
3.122281e+01, 3.006787e+01
3.157238e+01, 2.484797e+01
3.192640e+01, 1.963927e+01
3.228494e+01, 1.444202e+01
3.264806e+01, 9.256472e+00
3.301583e+01, 4.082896e+00
3.338829e+01, 3.589216e+02
3.376553e+01, 3.537727e+02
3.414759e+01, 3.486367e+02
3.453455e+01, 3.435138e+02
3.492647e+01, 3.384043e+02
3.532341e+01, 3.333085e+02
3.572544e+01, 3.282267e+02
3.613263e+01, 3.231592e+02
3.654504e+01, 3.181064e+02
3.696274e+01, 3.130686e+02
3.738581e+01, 3.080461e+02
3.781430e+01, 3.030394e+02
3.824828e+01, 2.980487e+02
3.868783e+01, 2.930744e+02
3.913302e+01, 2.881170e+02
3.958390e+01, 2.831767e+02
4.004057e+01, 2.782540e+02
4.050307e+01, 2.733494e+02
4.097149e+01, 2.684631e+02
4.144589e+01, 2.635958e+02
4.192634e+01, 2.587477e+02
4.241292e+01, 2.539193e+02
4.290569e+01, 2.491112e+02
4.340473e+01, 2.443238e+02
4.391010e+01, 2.395575e+02
4.442187e+01, 2.348128e+02
4.494011e+01, 2.300903e+02
4.546490e+01, 2.253905e+02
4.599628e+01, 2.207140e+02
4.653434e+01, 2.160612e+02
4.707914e+01, 2.114327e+02
4.763074e+01, 2.068291e+02
4.818921e+01, 2.022510e+02
4.875461e+01, 1.976989e+02
4.932699e+01, 1.931736e+02
4.990642e+01, 1.886756e+02
5.049296e+01, 1.842056e+02
5.108665e+01, 1.797642e+02
5.168756e+01, 1.753521e+02
5.229573e+01, 1.709700e+02
5.291120e+01, 1.666187e+02
5.353403e+01, 1.622988e+02
5.416426e+01, 1.580111e+02
5.480191e+01, 1.537563e+02
5.544703e+01, 1.495353e+02
5.609964e+01, 1.453488e+02
5.675977e+01, 1.411976e+02
5.742744e+01, 1.370826e+02
5.810266e+01, 1.330047e+02
5.878544e+01, 1.289647e+02
5.947579e+01, 1.249635e+02
6.017369e+01, 1.210021e+02
6.087914e+01, 1.170813e+02
6.159212e+01, 1.132021e+02
6.231259e+01, 1.093656e+02
6.304053e+01, 1.055727e+02
6.377589e+01, 1.018244e+02
6.451861e+01, 9.812175e+01
6.526861e+01, 9.446589e+01
6.602583e+01, 9.085787e+01
6.679017e+01, 8.729882e+01
6.756152e+01, 8.378988e+01
6.833976e+01, 8.033220e+01
6.912475e+01, 7.692697e+01
6.991635e+01, 7.357541e+01
7.071438e+01, 7.027875e+01
7.151865e+01, 6.703826e+01
7.232894e+01, 6.385521e+01
7.314503e+01, 6.073091e+01
7.396666e+01, 5.766670e+01
7.479354e+01, 5.466394e+01
7.562537e+01, 5.172400e+01
7.646180e+01, 4.884829e+01
7.730247e+01, 4.603824e+01
7.814697e+01, 4.329529e+01
7.899486e+01, 4.062092e+01
7.984566e+01, 3.801663e+01
8.069886e+01, 3.548394e+01
8.155388e+01, 3.302437e+01
8.241010e+01, 3.063948e+01
8.326687e+01, 2.833086e+01
8.412346e+01, 2.610009e+01
8.497907e+01, 2.394878e+01
8.583286e+01, 2.187855e+01
8.668389e+01, 1.989104e+01
8.753114e+01, 1.798789e+01
8.837351e+01, 1.617076e+01
8.920981e+01, 1.444131e+01
9.003870e+01, 1.280121e+01
9.085875e+01, 1.125211e+01
9.166836e+01, 9.795679e+00
9.246577e+01, 8.433573e+00
9.324904e+01, 7.167434e+00
9.401598e+01, 5.998890e+00
9.476414e+01, 4.929547e+00
9.549071e+01, 3.960985e+00
9.619247e+01, 3.094747e+00
9.686564e+01, 2.332336e+00
9.750568e+01, 1.675202e+00
9.810695e+01, 1.124729e+00
9.866218e+01, 6.822266e-01
9.916123e+01, 3.489057e-01
9.958828e+01, 1.258559e-01
9.991132e+01, 1.400315e-02
9.991132e+01, 1.399556e-02
9.958828e+01, 1.257431e-01
9.916123e+01, 3.485187e-01
9.866218e+01, 6.813588e-01
9.810695e+01, 1.123147e+00
9.750568e+01, 1.672651e+00
9.686564e+01, 2.328545e+00
9.619247e+01, 3.089430e+00
9.549071e+01, 3.953846e+00
9.476414e+01, 4.920280e+00
9.401598e+01, 5.987182e+00
9.324904e+01, 7.152966e+00
9.246577e+01, 8.416020e+00
9.166836e+01, 9.774715e+00
9.085875e+01, 1.122740e+01
9.003870e+01, 1.277243e+01
8.920981e+01, 1.440813e+01
8.837351e+01, 1.613284e+01
8.753114e+01, 1.794489e+01
8.668389e+01, 1.984264e+01
8.583286e+01, 2.182441e+01
8.497907e+01, 2.388858e+01
8.412346e+01, 2.603350e+01
8.326687e+01, 2.825756e+01
8.241010e+01, 3.055916e+01
8.155388e+01, 3.293670e+01
8.069886e+01, 3.538861e+01
7.984566e+01, 3.791334e+01
7.899486e+01, 4.050935e+01
7.814697e+01, 4.317515e+01
7.730247e+01, 4.590922e+01
7.646180e+01, 4.871011e+01
7.562537e+01, 5.157637e+01
7.479354e+01, 5.450658e+01
7.396666e+01, 5.749934e+01
7.314503e+01, 6.055326e+01
7.232894e+01, 6.366700e+01
7.151865e+01, 6.683924e+01
7.071438e+01, 7.006866e+01
6.991635e+01, 7.335399e+01
6.912475e+01, 7.669397e+01
6.833976e+01, 8.008738e+01
6.756152e+01, 8.353300e+01
6.679017e+01, 8.702965e+01
6.602583e+01, 9.057617e+01
6.526861e+01, 9.417144e+01
6.451861e+01, 9.781433e+01
6.377589e+01, 1.015038e+02
6.304053e+01, 1.052387e+02
6.231259e+01, 1.090180e+02
6.159212e+01, 1.128407e+02
6.087914e+01, 1.167059e+02
6.017369e+01, 1.206125e+02
5.947579e+01, 1.245595e+02
5.878544e+01, 1.285461e+02
5.810266e+01, 1.325714e+02
5.742744e+01, 1.366344e+02
5.675977e+01, 1.407342e+02
5.609964e+01, 1.448701e+02
5.544703e+01, 1.490412e+02
5.480191e+01, 1.532466e+02
5.416426e+01, 1.574856e+02
5.353403e+01, 1.617574e+02
5.291120e+01, 1.660613e+02
5.229573e+01, 1.703964e+02
5.168756e+01, 1.747621e+02
5.108665e+01, 1.791577e+02
5.049296e+01, 1.835825e+02
4.990642e+01, 1.880357e+02
4.932699e+01, 1.925169e+02
4.875461e+01, 1.970252e+02
4.818921e+01, 2.015601e+02
4.763074e+01, 2.061209e+02
4.707914e+01, 2.107071e+02
4.653434e+01, 2.153181e+02
4.599628e+01, 2.199533e+02
4.546490e+01, 2.246122e+02
4.494011e+01, 2.292941e+02
4.442187e+01, 2.339987e+02
4.391010e+01, 2.387253e+02
4.340473e+01, 2.434734e+02
4.290569e+01, 2.482427e+02
4.241292e+01, 2.530325e+02
4.192634e+01, 2.578424e+02
4.144589e+01, 2.626719e+02
4.097149e+01, 2.675207e+02
4.050307e+01, 2.723883e+02
4.004057e+01, 2.772741e+02
3.958390e+01, 2.821779e+02
3.913302e+01, 2.870993e+02
3.868783e+01, 2.920377e+02
3.824828e+01, 2.969929e+02
3.781430e+01, 3.019644e+02
3.738581e+01, 3.069520e+02
3.696274e+01, 3.119551e+02
3.654504e+01, 3.169735e+02
3.613263e+01, 3.220069e+02
3.572544e+01, 3.270548e+02
3.532341e+01, 3.321171e+02
3.492647e+01, 3.371932e+02
3.453455e+01, 3.422830e+02
3.414759e+01, 3.473862e+02
3.376553e+01, 3.525024e+02
3.338829e+01, 3.576313e+02
3.301583e+01, 2.772701e+00
3.264806e+01, 7.926283e+00
3.228494e+01, 1.309178e+01
3.192640e+01, 1.826894e+01
3.157238e+01, 2.345749e+01
3.122281e+01, 2.865719e+01
3.087765e+01, 3.386778e+01
3.053682e+01, 3.908904e+01
3.020028e+01, 4.432072e+01
2.986795e+01, 4.956260e+01
2.953980e+01, 5.481446e+01
2.921575e+01, 6.007607e+01
2.889576e+01, 6.534722e+01
2.857977e+01, 7.062771e+01
2.826773e+01, 7.591734e+01
2.795957e+01, 8.121590e+01
2.765525e+01, 8.652320e+01
2.735472e+01, 9.183905e+01
2.705793e+01, 9.716327e+01
2.676481e+01, 1.024957e+02
2.647533e+01, 1.078361e+02
2.618944e+01, 1.131843e+02
2.590708e+01, 1.185403e+02
2.562820e+01, 1.239037e+02
2.535276e+01, 1.292745e+02
2.508072e+01, 1.346524e+02
2.481202e+01, 1.400374e+02
2.454662e+01, 1.454293e+02
2.428447e+01, 1.508279e+02
2.402554e+01, 1.562331e+02
2.376977e+01, 1.616448e+02
2.351712e+01, 1.670627e+02
2.326755e+01, 1.724869e+02
2.302102e+01, 1.779171e+02
2.277749e+01, 1.833533e+02
2.253691e+01, 1.887952e+02
2.229925e+01, 1.942428e+02
2.206447e+01, 1.996960e+02
2.183252e+01, 2.051546e+02
2.160337e+01, 2.106186e+02
2.137698e+01, 2.160878e+02
2.115331e+01, 2.215621e+02
2.093232e+01, 2.270414e+02
2.071399e+01, 2.325255e+02
2.049827e+01, 2.380145e+02
2.028513e+01, 2.435082e+02
2.007453e+01, 2.490065e+02
1.986644e+01, 2.545093e+02
1.966082e+01, 2.600165e+02
1.945765e+01, 2.655280e+02
1.925688e+01, 2.710438e+02
1.905849e+01, 2.765637e+02
1.886244e+01, 2.820877e+02
1.866871e+01, 2.876156e+02
1.847726e+01, 2.931475e+02
1.828806e+01, 2.986832e+02
1.810108e+01, 3.042226e+02
1.791630e+01, 3.097656e+02
1.773367e+01, 3.153123e+02
1.755318e+01, 3.208625e+02
1.737480e+01, 3.264161e+02
1.719849e+01, 3.319731e+02
1.702423e+01, 3.375334e+02
1.685199e+01, 3.430970e+02
1.668175e+01, 3.486637e+02
1.651348e+01, 3.542335e+02
1.634715e+01, 3.598064e+02
1.618274e+01, 5.382270e+00
1.602023e+01, 1.096107e+01
1.585958e+01, 1.654274e+01
1.570077e+01, 2.212723e+01
1.554378e+01, 2.771447e+01
1.538859e+01, 3.330442e+01
1.523517e+01, 3.889701e+01
1.508350e+01, 4.449220e+01
1.493356e+01, 5.008993e+01
1.478532e+01, 5.569016e+01
1.463876e+01, 6.129283e+01
1.449386e+01, 6.689790e+01
1.435060e+01, 7.250532e+01
1.420895e+01, 7.811504e+01
1.406891e+01, 8.372701e+01
1.393043e+01, 8.934121e+01
1.379352e+01, 9.495757e+01
1.365814e+01, 1.005761e+02
1.352427e+01, 1.061966e+02
1.339190e+01, 1.118193e+02
1.326101e+01, 1.174439e+02
1.313158e+01, 1.230705e+02
1.300359e+01, 1.286990e+02
1.287702e+01, 1.343294e+02
1.275185e+01, 1.399617e+02
1.262807e+01, 1.455958e+02
1.250566e+01, 1.512316e+02
1.238460e+01, 1.568693e+02
1.226487e+01, 1.625086e+02
1.214646e+01, 1.681496e+02
1.202935e+01, 1.737923e+02
1.191352e+01, 1.794366e+02
1.179897e+01, 1.850824e+02
1.168566e+01, 1.907299e+02
1.157360e+01, 1.963788e+02
1.146275e+01, 2.020293e+02
1.135311e+01, 2.076812e+02
1.124466e+01, 2.133346e+02
1.113739e+01, 2.189894e+02
1.103128e+01, 2.246455e+02
1.092632e+01, 2.303031e+02
1.082249e+01, 2.359619e+02
1.071978e+01, 2.416221e+02
1.061818e+01, 2.472836e+02
1.051767e+01, 2.529463e+02
1.041823e+01, 2.586102e+02
1.031987e+01, 2.642754e+02
1.022255e+01, 2.699418e+02
1.012628e+01, 2.756093e+02
1.003103e+01, 2.812780e+02
9.936795e+00, 2.869478e+02
9.843565e+00, 2.926187e+02
9.751324e+00, 2.982907e+02
9.660061e+00, 3.039637e+02
9.569765e+00, 3.096378e+02
9.480423e+00, 3.153130e+02
9.392025e+00, 3.209891e+02
9.304558e+00, 3.266662e+02
9.218013e+00, 3.323443e+02
9.132376e+00, 3.380233e+02
9.047639e+00, 3.437033e+02
8.963790e+00, 3.493842e+02
8.880818e+00, 3.550660e+02
8.798713e+00, 7.486211e-01
8.717465e+00, 6.432151e+00
8.637063e+00, 1.211653e+01
8.557499e+00, 1.780174e+01
8.478760e+00, 2.348778e+01
8.400839e+00, 2.917461e+01
8.323725e+00, 3.486224e+01
8.247408e+00, 4.055064e+01
8.171881e+00, 4.623980e+01
8.097132e+00, 5.192971e+01
8.023153e+00, 5.762036e+01
7.949936e+00, 6.331172e+01
7.877470e+00, 6.900379e+01
7.805748e+00, 7.469655e+01
7.734761e+00, 8.039000e+01
7.664500e+00, 8.608411e+01
7.594956e+00, 9.177888e+01
7.526122e+00, 9.747430e+01
7.457990e+00, 1.031703e+02
7.390550e+00, 1.088670e+02
7.323796e+00, 1.145643e+02
7.257719e+00, 1.202622e+02
7.192312e+00, 1.259607e+02
7.127566e+00, 1.316597e+02
7.063475e+00, 1.373593e+02
7.000031e+00, 1.430595e+02
6.937226e+00, 1.487602e+02
6.875053e+00, 1.544615e+02
6.813505e+00, 1.601633e+02
6.752575e+00, 1.658656e+02
6.692255e+00, 1.715684e+02
6.632540e+00, 1.772717e+02
6.573421e+00, 1.829756e+02
6.514893e+00, 1.886799e+02
6.456949e+00, 1.943846e+02
6.399581e+00, 2.000899e+02
6.342785e+00, 2.057956e+02
6.286552e+00, 2.115017e+02
6.230877e+00, 2.172083e+02
6.175754e+00, 2.229153e+02
6.121176e+00, 2.286228e+02
6.067138e+00, 2.343306e+02
6.013633e+00, 2.400389e+02
5.960655e+00, 2.457476e+02
5.908199e+00, 2.514567e+02
5.856259e+00, 2.571662e+02
5.804829e+00, 2.628760e+02
5.753903e+00, 2.685863e+02
5.703476e+00, 2.742969e+02
5.653542e+00, 2.800078e+02
5.604096e+00, 2.857192e+02
5.555133e+00, 2.914308e+02
5.506647e+00, 2.971429e+02
5.458633e+00, 3.028552e+02
5.411086e+00, 3.085679e+02
5.364001e+00, 3.142809e+02
5.317372e+00, 3.199943e+02
5.271195e+00, 3.257079e+02
5.225465e+00, 3.314219e+02
5.180176e+00, 3.371362e+02
5.135325e+00, 3.428508e+02
5.090906e+00, 3.485656e+02
5.046915e+00, 3.542808e+02
5.003347e+00, 3.599962e+02
4.960198e+00, 5.711967e+00
4.917462e+00, 1.142797e+01
4.875136e+00, 1.714424e+01
4.833215e+00, 2.286078e+01
4.791695e+00, 2.857758e+01
4.750572e+00, 3.429464e+01
4.709840e+00, 4.001194e+01
4.669497e+00, 4.572950e+01
4.629538e+00, 5.144730e+01
4.589958e+00, 5.716534e+01
4.550755e+00, 6.288362e+01
4.511923e+00, 6.860213e+01
4.473459e+00, 7.432086e+01
4.435358e+00, 8.003982e+01
4.397618e+00, 8.575900e+01
4.360234e+00, 9.147840e+01
4.323203e+00, 9.719801e+01
4.286521e+00, 1.029178e+02
4.250183e+00, 1.086378e+02
4.214187e+00, 1.143581e+02
4.178529e+00, 1.200785e+02
4.143205e+00, 1.257991e+02
4.108212e+00, 1.315199e+02
4.073547e+00, 1.372409e+02
4.039205e+00, 1.429621e+02
4.005184e+00, 1.486835e+02
3.971480e+00, 1.544050e+02
3.938091e+00, 1.601268e+02
3.905011e+00, 1.658487e+02
3.872240e+00, 1.715707e+02
3.839772e+00, 1.772930e+02
3.807606e+00, 1.830154e+02
3.775737e+00, 1.887379e+02
3.744164e+00, 1.944606e+02
3.712882e+00, 2.001835e+02
3.681889e+00, 2.059066e+02
3.651182e+00, 2.116297e+02
3.620758e+00, 2.173531e+02
3.590614e+00, 2.230766e+02
3.560748e+00, 2.288002e+02
3.531155e+00, 2.345239e+02
3.501834e+00, 2.402479e+02
3.472782e+00, 2.459719e+02
3.443996e+00, 2.516961e+02
3.415473e+00, 2.574204e+02
3.387211e+00, 2.631448e+02
3.359206e+00, 2.688694e+02
3.331457e+00, 2.745941e+02
3.303961e+00, 2.803189e+02
3.276715e+00, 2.860439e+02
3.249717e+00, 2.917689e+02
3.222963e+00, 2.974941e+02
3.196453e+00, 3.032194e+02
3.170183e+00, 3.089448e+02
3.144150e+00, 3.146703e+02
3.118353e+00, 3.203960e+02
3.092789e+00, 3.261217e+02
3.067456e+00, 3.318476e+02
3.042351e+00, 3.375735e+02
3.017473e+00, 3.432996e+02
2.992818e+00, 3.490257e+02
2.968385e+00, 3.547520e+02
2.944171e+00, 4.783658e-01
2.920175e+00, 6.204823e+00
2.896393e+00, 1.193137e+01
2.872825e+00, 1.765802e+01
2.849467e+00, 2.338476e+01
2.826318e+00, 2.911159e+01
2.803376e+00, 3.483851e+01
2.780638e+00, 4.056551e+01
2.758104e+00, 4.629261e+01
2.735769e+00, 5.201979e+01
2.713633e+00, 5.774705e+01
2.691694e+00, 6.347439e+01
2.669950e+00, 6.920182e+01
2.648399e+00, 7.492932e+01
2.627038e+00, 8.065691e+01
2.605867e+00, 8.638457e+01
2.584882e+00, 9.211230e+01
2.564083e+00, 9.784011e+01
2.543468e+00, 1.035680e+02
2.523034e+00, 1.092960e+02
2.502781e+00, 1.150240e+02
2.482706e+00, 1.207521e+02
2.462807e+00, 1.264803e+02
2.443083e+00, 1.322085e+02
2.423532e+00, 1.379368e+02
2.404153e+00, 1.436652e+02
2.384943e+00, 1.493936e+02
2.365901e+00, 1.551221e+02
2.347026e+00, 1.608506e+02
2.328316e+00, 1.665793e+02
2.309769e+00, 1.723079e+02
2.291384e+00, 1.780367e+02
2.273159e+00, 1.837655e+02
2.255093e+00, 1.894943e+02
2.237184e+00, 1.952233e+02
2.219431e+00, 2.009522e+02
2.201831e+00, 2.066813e+02
2.184384e+00, 2.124103e+02
2.167089e+00, 2.181395e+02
2.149943e+00, 2.238687e+02
2.132945e+00, 2.295979e+02
2.116095e+00, 2.353272e+02
2.099390e+00, 2.410565e+02
2.082829e+00, 2.467859e+02
2.066410e+00, 2.525153e+02
2.050133e+00, 2.582448e+02
2.033997e+00, 2.639744e+02
2.017999e+00, 2.697039e+02
2.002138e+00, 2.754336e+02
1.986413e+00, 2.811632e+02
1.970824e+00, 2.868929e+02
1.955367e+00, 2.926227e+02
1.940043e+00, 2.983525e+02
1.924851e+00, 3.040823e+02
1.909788e+00, 3.098122e+02
1.894853e+00, 3.155421e+02
1.880046e+00, 3.212721e+02
1.865365e+00, 3.270021e+02
1.850810e+00, 3.327321e+02
1.836378e+00, 3.384622e+02
1.822069e+00, 3.441923e+02
1.807881e+00, 3.499225e+02
1.793814e+00, 3.556527e+02
1.779866e+00, 1.382906e+00
1.766036e+00, 7.113169e+00
1.752323e+00, 1.284347e+01
1.738726e+00, 1.857380e+01
1.725245e+00, 2.430416e+01
1.711877e+00, 3.003456e+01
1.698622e+00, 3.576499e+01
1.685478e+00, 4.149546e+01
1.672446e+00, 4.722595e+01
1.659523e+00, 5.295648e+01
1.646708e+00, 5.868704e+01
1.634002e+00, 6.441762e+01
1.621402e+00, 7.014824e+01
1.608908e+00, 7.587889e+01
1.596518e+00, 8.160957e+01
1.584232e+00, 8.734027e+01
1.572050e+00, 9.307100e+01
1.559969e+00, 9.880176e+01
1.547989e+00, 1.045326e+02
1.536109e+00, 1.102634e+02
1.524328e+00, 1.159942e+02
1.512645e+00, 1.217251e+02
1.501060e+00, 1.274560e+02
1.489571e+00, 1.331869e+02
1.478177e+00, 1.389178e+02
1.466878e+00, 1.446488e+02
1.455674e+00, 1.503798e+02
1.444562e+00, 1.561108e+02
1.433542e+00, 1.618418e+02
1.422613e+00, 1.675729e+02
1.411775e+00, 1.733040e+02
1.401027e+00, 1.790351e+02
1.390367e+00, 1.847662e+02
1.379795e+00, 1.904974e+02
1.369311e+00, 1.962285e+02
1.358913e+00, 2.019597e+02
1.348601e+00, 2.076909e+02
1.338373e+00, 2.134222e+02
1.328230e+00, 2.191534e+02
1.318170e+00, 2.248847e+02
1.308193e+00, 2.306160e+02
1.298298e+00, 2.363473e+02
1.288484e+00, 2.420786e+02
1.278750e+00, 2.478100e+02
1.269096e+00, 2.535413e+02
1.259521e+00, 2.592727e+02
1.250024e+00, 2.650041e+02
1.240605e+00, 2.707356e+02
1.231262e+00, 2.764670e+02
1.221996e+00, 2.821984e+02
1.212806e+00, 2.879299e+02
1.203690e+00, 2.936614e+02
1.194649e+00, 2.993929e+02
1.185681e+00, 3.051244e+02
1.176786e+00, 3.108560e+02
1.167963e+00, 3.165875e+02
1.159212e+00, 3.223191e+02
1.150532e+00, 3.280507e+02
1.141922e+00, 3.337823e+02
1.133382e+00, 3.395139e+02
1.124911e+00, 3.452455e+02
1.116508e+00, 3.509771e+02
1.108174e+00, 3.567088e+02
1.099906e+00, 2.440454e+00
1.091706e+00, 8.172134e+00
1.083571e+00, 1.390383e+01
1.075502e+00, 1.963553e+01
1.067498e+00, 2.536725e+01
1.059559e+00, 3.109899e+01
1.051683e+00, 3.683073e+01
1.043870e+00, 4.256249e+01
1.036121e+00, 4.829426e+01
1.028433e+00, 5.402604e+01
1.020807e+00, 5.975783e+01
1.013242e+00, 6.548964e+01
1.005738e+00, 7.122146e+01
9.982939e-01, 7.695328e+01
##END= 
