##TITLE= Parameter file, TOPSPIN		Version 3.0
##JCAMPDX= 5.0
##DATATYPE= Parameter Values
##NPOINTS= 9	$$ modification sequence number
##ORIGIN= Bruker BioSpin GmbH
##OWNER= gabrielc
$$ 2013-04-19 16:32:10.110 -0500  gabrielc@telemark
$$ /home/gabrielc/nmr/katie/7/pdata/1/clevels
$$ process /opt/topspin3.0/prog/mod/dataserver
##$LEVELS= (0..255)
-3990467.15217284 -2216926.19565157 -1231625.66425088 -684236.480139377
-380131.377855209 -211184.09880845 -117324.499338028 -65180.2774100153
65180.2774100153 117324.499338028 211184.09880845 380131.377855209 684236.480139377
1231625.66425088 2216926.19565157 3990467.15217284 0 0 0 0 0 0 0 0 0 0
0 0 0 0 0 0 0 0 0 0 0 0 0 0 0 0 0 0 0 0 0 0 0 0 0 0 0 0 0 0 0 0 0 0 0 0
0 0 0 0 0 0 0 0 0 0 0 0 0 0 0 0 0 0 0 0 0 0 0 0 0 0 0 0 0 0 0 0 0 0 0 0
0 0 0 0 0 0 0 0 0 0 0 0 0 0 0 0 0 0 0 0 0 0 0 0 0 0 0 0 0 0 0 0 0 0 0 0
0 0 0 0 0 0 0 0 0 0 0 0 0 0 0 0 0 0 0 0 0 0 0 0 0 0 0 0 0 0 0 0 0 0 0 0
0 0 0 0 0 0 0 0 0 0 0 0 0 0 0 0 0 0 0 0 0 0 0 0 0 0 0 0 0 0 0 0 0 0 0 0
0 0 0 0 0 0 0 0 0 0 0 0 0 0 0 0 0 0 0 0 0 0 0 0 0 0 0 0 0 0 0 0 0 0 0 0
0 0 0 0 0 0 0 0 0 0 0 0 0 0
##$LEVSIGN= 3
##$MAXLEV= 8
##$METHOD= 0
##$NEGBASE= -92644.812496
##$NEGINCR= 1.8
##$POSBASE= 92644.812496
##$POSINCR= 1.8
##END=
