##TITLE= Parameter file, TOPSPIN		Version 3.0
##JCAMPDX= 5.0
##DATATYPE= Parameter Values
##NPOINTS= 16	$$ modification sequence number
##ORIGIN= Bruker BioSpin GmbH
##OWNER= guest
$$ 2012-02-20 16:17:05.872 +0100  guest@pat.nmr.ch.tum.de
$$ /opt/topspin/data/guest/nmr/anda_18a_stem_CN_PAT/81/pdata/1/clevels
$$ process /opt/topspin3.0/prog/mod/dataserver
##$LEVELS= (0..255)
-5352275.7 -4460229.7 -3716858.1 -3097381.8 -2581151.5 -2150959.6 -1792466.3
-1493721.9 -1244768.3 -1037306.9 -864422.4 -720352 -600293.3 -500244.4
-416870.4 -347392 -289493.3 -241244.4 -201037 -167530.9 -139609 -116340.9
-96950.7 -80792.3 -67326.9 -56105.7 -46754.8 -38962.3 -32468.6 -27057.2
-22547.6 -18789.7 18789.7 22547.6 27057.2 32468.6 38962.3 46754.8 56105.7
67326.9 80792.3 96950.7 116340.9 139609 167530.9 201037 241244.4 289493.3
347392 416870.4 500244.4 600293.3 720352 864422.4 1037306.9 1244768.3 1493721.9
1792466.3 2150959.6 2581151.5 3097381.8 3716858.1 4460229.7 5352275.7 0
0 0 0 0 0 0 0 0 0 0 0 0 0 0 0 0 0 0 0 0 0 0 0 0 0 0 0 0 0 0 0 0 0 0 0 0
0 0 0 0 0 0 0 0 0 0 0 0 0 0 0 0 0 0 0 0 0 0 0 0 0 0 0 0 0 0 0 0 0 0 0 0
0 0 0 0 0 0 0 0 0 0 0 0 0 0 0 0 0 0 0 0 0 0 0 0 0 0 0 0 0 0 0 0 0 0 0 0
0 0 0 0 0 0 0 0 0 0 0 0 0 0 0 0 0 0 0 0 0 0 0 0 0 0 0 0 0 0 0 0 0 0 0 0
0 0 0 0 0 0 0 0 0 0 0 0 0 0 0 0 0 0 0 0 0 0 0 0 0 0 0 0 0 0 0 0 0 0 0 0
0 0 0 0 0 0 0 0 0 0 0
##$LEVSIGN= 3
##$MAXLEV= 50
##$METHOD= 0
##$NEGBASE= -18789.7
##$NEGINCR= 1.2
##$POSBASE= 18789.7
##$POSINCR= 1.2
##END=
