##TITLE= /opt/xwinnmr3.5/exp/stan/nmr/lists/wave/EBurp2.1000
##JCAMP-DX= 5.00 Bruker JCAMP library
##DATA TYPE= Shape Data
##ORIGIN= Bruker Analytik GmbH
##OWNER= <guest>
##DATE= 05/03/02
##TIME= 17:40:42
##$SHAPE_PARAMETERS= Type: EBurp2 
##MINX= 2.089081e-02
##MAXX= 1.000000e+02
##MINY= 0.000000e+00
##MAXY= 1.800000e+02
##$SHAPE_EXMODE= Excitation
##$SHAPE_TOTROT= 9.000000e+01
##$SHAPE_BWFAC= 4.940000e+00
##$SHAPE_INTEGFAC= 6.102960e-02
##$SHAPE_MODE= 0
##NPOINTS= 1000
##XYPOINTS= (XY..XY)
5.488100e+00, 0.000000e+00
5.311114e+00, 0.000000e+00
5.140760e+00, 0.000000e+00
4.976937e+00, 0.000000e+00
4.819542e+00, 0.000000e+00
4.668471e+00, 0.000000e+00
4.523618e+00, 0.000000e+00
4.384874e+00, 0.000000e+00
4.252130e+00, 0.000000e+00
4.125273e+00, 0.000000e+00
4.004188e+00, 0.000000e+00
3.888760e+00, 0.000000e+00
3.778869e+00, 0.000000e+00
3.674394e+00, 0.000000e+00
3.575214e+00, 0.000000e+00
3.481202e+00, 0.000000e+00
3.392232e+00, 0.000000e+00
3.308176e+00, 0.000000e+00
3.228901e+00, 0.000000e+00
3.154275e+00, 0.000000e+00
3.084163e+00, 0.000000e+00
3.018429e+00, 0.000000e+00
2.956934e+00, 0.000000e+00
2.899539e+00, 0.000000e+00
2.846101e+00, 0.000000e+00
2.796477e+00, 0.000000e+00
2.750524e+00, 0.000000e+00
2.708095e+00, 0.000000e+00
2.669045e+00, 0.000000e+00
2.633225e+00, 0.000000e+00
2.600487e+00, 0.000000e+00
2.570681e+00, 0.000000e+00
2.543659e+00, 0.000000e+00
2.519270e+00, 0.000000e+00
2.497364e+00, 0.000000e+00
2.477790e+00, 0.000000e+00
2.460399e+00, 0.000000e+00
2.445040e+00, 0.000000e+00
2.431565e+00, 0.000000e+00
2.419824e+00, 0.000000e+00
2.409670e+00, 0.000000e+00
2.400956e+00, 0.000000e+00
2.393536e+00, 0.000000e+00
2.387266e+00, 0.000000e+00
2.382003e+00, 0.000000e+00
2.377607e+00, 0.000000e+00
2.373938e+00, 0.000000e+00
2.370859e+00, 0.000000e+00
2.368237e+00, 0.000000e+00
2.365939e+00, 0.000000e+00
2.363835e+00, 0.000000e+00
2.361799e+00, 0.000000e+00
2.359707e+00, 0.000000e+00
2.357438e+00, 0.000000e+00
2.354876e+00, 0.000000e+00
2.351906e+00, 0.000000e+00
2.348418e+00, 0.000000e+00
2.344305e+00, 0.000000e+00
2.339464e+00, 0.000000e+00
2.333797e+00, 0.000000e+00
2.327207e+00, 0.000000e+00
2.319605e+00, 0.000000e+00
2.310904e+00, 0.000000e+00
2.301021e+00, 0.000000e+00
2.289877e+00, 0.000000e+00
2.277401e+00, 0.000000e+00
2.263521e+00, 0.000000e+00
2.248173e+00, 0.000000e+00
2.231298e+00, 0.000000e+00
2.212839e+00, 0.000000e+00
2.192746e+00, 0.000000e+00
2.170972e+00, 0.000000e+00
2.147474e+00, 0.000000e+00
2.122216e+00, 0.000000e+00
2.095164e+00, 0.000000e+00
2.066289e+00, 0.000000e+00
2.035569e+00, 0.000000e+00
2.002983e+00, 0.000000e+00
1.968515e+00, 0.000000e+00
1.932155e+00, 0.000000e+00
1.893895e+00, 0.000000e+00
1.853732e+00, 0.000000e+00
1.811667e+00, 0.000000e+00
1.767705e+00, 0.000000e+00
1.721854e+00, 0.000000e+00
1.674126e+00, 0.000000e+00
1.624538e+00, 0.000000e+00
1.573106e+00, 0.000000e+00
1.519855e+00, 0.000000e+00
1.464807e+00, 0.000000e+00
1.407993e+00, 0.000000e+00
1.349442e+00, 0.000000e+00
1.289187e+00, 0.000000e+00
1.227264e+00, 0.000000e+00
1.163712e+00, 0.000000e+00
1.098570e+00, 0.000000e+00
1.031880e+00, 0.000000e+00
9.636855e-01, 0.000000e+00
8.940323e-01, 0.000000e+00
8.229670e-01, 0.000000e+00
7.505375e-01, 0.000000e+00
6.767928e-01, 0.000000e+00
6.017827e-01, 0.000000e+00
5.255580e-01, 0.000000e+00
4.481699e-01, 0.000000e+00
3.696702e-01, 0.000000e+00
2.901106e-01, 0.000000e+00
2.095432e-01, 0.000000e+00
1.280201e-01, 0.000000e+00
4.559310e-02, 0.000000e+00
3.768637e-02, 1.800000e+02
1.217672e-01, 1.800000e+02
2.065991e-01, 1.800000e+02
2.921321e-01, 1.800000e+02
3.783173e-01, 1.800000e+02
4.651068e-01, 1.800000e+02
5.524536e-01, 1.800000e+02
6.403118e-01, 1.800000e+02
7.286368e-01, 1.800000e+02
8.173852e-01, 1.800000e+02
9.065151e-01, 1.800000e+02
9.959859e-01, 1.800000e+02
1.085759e+00, 1.800000e+02
1.175796e+00, 1.800000e+02
1.266061e+00, 1.800000e+02
1.356521e+00, 1.800000e+02
1.447141e+00, 1.800000e+02
1.537893e+00, 1.800000e+02
1.628745e+00, 1.800000e+02
1.719670e+00, 1.800000e+02
1.810643e+00, 1.800000e+02
1.901639e+00, 1.800000e+02
1.992634e+00, 1.800000e+02
2.083609e+00, 1.800000e+02
2.174543e+00, 1.800000e+02
2.265418e+00, 1.800000e+02
2.356218e+00, 1.800000e+02
2.446927e+00, 1.800000e+02
2.537532e+00, 1.800000e+02
2.628021e+00, 1.800000e+02
2.718381e+00, 1.800000e+02
2.808604e+00, 1.800000e+02
2.898680e+00, 1.800000e+02
2.988601e+00, 1.800000e+02
3.078361e+00, 1.800000e+02
3.167952e+00, 1.800000e+02
3.257370e+00, 1.800000e+02
3.346610e+00, 1.800000e+02
3.435668e+00, 1.800000e+02
3.524539e+00, 1.800000e+02
3.613222e+00, 1.800000e+02
3.701712e+00, 1.800000e+02
3.790006e+00, 1.800000e+02
3.878103e+00, 1.800000e+02
3.965999e+00, 1.800000e+02
4.053691e+00, 1.800000e+02
4.141177e+00, 1.800000e+02
4.228452e+00, 1.800000e+02
4.315513e+00, 1.800000e+02
4.402356e+00, 1.800000e+02
4.488976e+00, 1.800000e+02
4.575368e+00, 1.800000e+02
4.661525e+00, 1.800000e+02
4.747441e+00, 1.800000e+02
4.833108e+00, 1.800000e+02
4.918517e+00, 1.800000e+02
5.003659e+00, 1.800000e+02
5.088522e+00, 1.800000e+02
5.173096e+00, 1.800000e+02
5.257367e+00, 1.800000e+02
5.341321e+00, 1.800000e+02
5.424944e+00, 1.800000e+02
5.508218e+00, 1.800000e+02
5.591127e+00, 1.800000e+02
5.673650e+00, 1.800000e+02
5.755769e+00, 1.800000e+02
5.837461e+00, 1.800000e+02
5.918704e+00, 1.800000e+02
5.999473e+00, 1.800000e+02
6.079744e+00, 1.800000e+02
6.159490e+00, 1.800000e+02
6.238684e+00, 1.800000e+02
6.317295e+00, 1.800000e+02
6.395296e+00, 1.800000e+02
6.472654e+00, 1.800000e+02
6.549337e+00, 1.800000e+02
6.625312e+00, 1.800000e+02
6.700545e+00, 1.800000e+02
6.775001e+00, 1.800000e+02
6.848645e+00, 1.800000e+02
6.921439e+00, 1.800000e+02
6.993346e+00, 1.800000e+02
7.064329e+00, 1.800000e+02
7.134349e+00, 1.800000e+02
7.203367e+00, 1.800000e+02
7.271344e+00, 1.800000e+02
7.338241e+00, 1.800000e+02
7.404017e+00, 1.800000e+02
7.468633e+00, 1.800000e+02
7.532049e+00, 1.800000e+02
7.594224e+00, 1.800000e+02
7.655120e+00, 1.800000e+02
7.714697e+00, 1.800000e+02
7.772915e+00, 1.800000e+02
7.829736e+00, 1.800000e+02
7.885122e+00, 1.800000e+02
7.939034e+00, 1.800000e+02
7.991435e+00, 1.800000e+02
8.042290e+00, 1.800000e+02
8.091562e+00, 1.800000e+02
8.139216e+00, 1.800000e+02
8.185220e+00, 1.800000e+02
8.229539e+00, 1.800000e+02
8.272143e+00, 1.800000e+02
8.313000e+00, 1.800000e+02
8.352081e+00, 1.800000e+02
8.389357e+00, 1.800000e+02
8.424802e+00, 1.800000e+02
8.458390e+00, 1.800000e+02
8.490096e+00, 1.800000e+02
8.519898e+00, 1.800000e+02
8.547772e+00, 1.800000e+02
8.573700e+00, 1.800000e+02
8.597662e+00, 1.800000e+02
8.619640e+00, 1.800000e+02
8.639618e+00, 1.800000e+02
8.657582e+00, 1.800000e+02
8.673518e+00, 1.800000e+02
8.687414e+00, 1.800000e+02
8.699258e+00, 1.800000e+02
8.709043e+00, 1.800000e+02
8.716759e+00, 1.800000e+02
8.722400e+00, 1.800000e+02
8.725960e+00, 1.800000e+02
8.727434e+00, 1.800000e+02
8.726819e+00, 1.800000e+02
8.724111e+00, 1.800000e+02
8.719311e+00, 1.800000e+02
8.712416e+00, 1.800000e+02
8.703427e+00, 1.800000e+02
8.692345e+00, 1.800000e+02
8.679171e+00, 1.800000e+02
8.663908e+00, 1.800000e+02
8.646558e+00, 1.800000e+02
8.627124e+00, 1.800000e+02
8.605610e+00, 1.800000e+02
8.582018e+00, 1.800000e+02
8.556353e+00, 1.800000e+02
8.528618e+00, 1.800000e+02
8.498818e+00, 1.800000e+02
8.466956e+00, 1.800000e+02
8.433034e+00, 1.800000e+02
8.397057e+00, 1.800000e+02
8.359027e+00, 1.800000e+02
8.318946e+00, 1.800000e+02
8.276815e+00, 1.800000e+02
8.232637e+00, 1.800000e+02
8.186410e+00, 1.800000e+02
8.138135e+00, 1.800000e+02
8.087810e+00, 1.800000e+02
8.035432e+00, 1.800000e+02
7.980998e+00, 1.800000e+02
7.924504e+00, 1.800000e+02
7.865944e+00, 1.800000e+02
7.805311e+00, 1.800000e+02
7.742598e+00, 1.800000e+02
7.677794e+00, 1.800000e+02
7.610889e+00, 1.800000e+02
7.541872e+00, 1.800000e+02
7.470728e+00, 1.800000e+02
7.397444e+00, 1.800000e+02
7.322003e+00, 1.800000e+02
7.244388e+00, 1.800000e+02
7.164580e+00, 1.800000e+02
7.082559e+00, 1.800000e+02
6.998303e+00, 1.800000e+02
6.911789e+00, 1.800000e+02
6.822994e+00, 1.800000e+02
6.731892e+00, 1.800000e+02
6.638456e+00, 1.800000e+02
6.542659e+00, 1.800000e+02
6.444472e+00, 1.800000e+02
6.343865e+00, 1.800000e+02
6.240806e+00, 1.800000e+02
6.135266e+00, 1.800000e+02
6.027210e+00, 1.800000e+02
5.916607e+00, 1.800000e+02
5.803421e+00, 1.800000e+02
5.687620e+00, 1.800000e+02
5.569168e+00, 1.800000e+02
5.448030e+00, 1.800000e+02
5.324172e+00, 1.800000e+02
5.197558e+00, 1.800000e+02
5.068153e+00, 1.800000e+02
4.935923e+00, 1.800000e+02
4.800832e+00, 1.800000e+02
4.662848e+00, 1.800000e+02
4.521937e+00, 1.800000e+02
4.378065e+00, 1.800000e+02
4.231202e+00, 1.800000e+02
4.081317e+00, 1.800000e+02
3.928380e+00, 1.800000e+02
3.772363e+00, 1.800000e+02
3.613240e+00, 1.800000e+02
3.450984e+00, 1.800000e+02
3.285573e+00, 1.800000e+02
3.116986e+00, 1.800000e+02
2.945202e+00, 1.800000e+02
2.770205e+00, 1.800000e+02
2.591978e+00, 1.800000e+02
2.410510e+00, 1.800000e+02
2.225790e+00, 1.800000e+02
2.037810e+00, 1.800000e+02
1.846566e+00, 1.800000e+02
1.652055e+00, 1.800000e+02
1.454277e+00, 1.800000e+02
1.253238e+00, 1.800000e+02
1.048943e+00, 1.800000e+02
8.414034e-01, 1.800000e+02
6.306317e-01, 1.800000e+02
4.166448e-01, 1.800000e+02
1.994628e-01, 1.800000e+02
2.089081e-02, 0.000000e+00
2.443892e-01, 0.000000e+00
4.710019e-01, 0.000000e+00
7.006948e-01, 0.000000e+00
9.334307e-01, 0.000000e+00
1.169168e+00, 0.000000e+00
1.407863e+00, 0.000000e+00
1.649467e+00, 0.000000e+00
1.893928e+00, 0.000000e+00
2.141192e+00, 0.000000e+00
2.391199e+00, 0.000000e+00
2.643887e+00, 0.000000e+00
2.899192e+00, 0.000000e+00
3.157045e+00, 0.000000e+00
3.417373e+00, 0.000000e+00
3.680102e+00, 0.000000e+00
3.945154e+00, 0.000000e+00
4.212447e+00, 0.000000e+00
4.481898e+00, 0.000000e+00
4.753420e+00, 0.000000e+00
5.026923e+00, 0.000000e+00
5.302317e+00, 0.000000e+00
5.579506e+00, 0.000000e+00
5.858394e+00, 0.000000e+00
6.138883e+00, 0.000000e+00
6.420872e+00, 0.000000e+00
6.704259e+00, 0.000000e+00
6.988940e+00, 0.000000e+00
7.274808e+00, 0.000000e+00
7.561758e+00, 0.000000e+00
7.849682e+00, 0.000000e+00
8.138469e+00, 0.000000e+00
8.428011e+00, 0.000000e+00
8.718197e+00, 0.000000e+00
9.008915e+00, 0.000000e+00
9.300054e+00, 0.000000e+00
9.591502e+00, 0.000000e+00
9.883148e+00, 0.000000e+00
1.017488e+01, 0.000000e+00
1.046659e+01, 0.000000e+00
1.075816e+01, 0.000000e+00
1.104949e+01, 0.000000e+00
1.134046e+01, 0.000000e+00
1.163096e+01, 0.000000e+00
1.192090e+01, 0.000000e+00
1.221016e+01, 0.000000e+00
1.249864e+01, 0.000000e+00
1.278623e+01, 0.000000e+00
1.307284e+01, 0.000000e+00
1.335836e+01, 0.000000e+00
1.364270e+01, 0.000000e+00
1.392576e+01, 0.000000e+00
1.420744e+01, 0.000000e+00
1.448766e+01, 0.000000e+00
1.476633e+01, 0.000000e+00
1.504335e+01, 0.000000e+00
1.531864e+01, 0.000000e+00
1.559213e+01, 0.000000e+00
1.586372e+01, 0.000000e+00
1.613335e+01, 0.000000e+00
1.640093e+01, 0.000000e+00
1.666640e+01, 0.000000e+00
1.692969e+01, 0.000000e+00
1.719072e+01, 0.000000e+00
1.744943e+01, 0.000000e+00
1.770576e+01, 0.000000e+00
1.795966e+01, 0.000000e+00
1.821105e+01, 0.000000e+00
1.845990e+01, 0.000000e+00
1.870613e+01, 0.000000e+00
1.894972e+01, 0.000000e+00
1.919059e+01, 0.000000e+00
1.942872e+01, 0.000000e+00
1.966405e+01, 0.000000e+00
1.989655e+01, 0.000000e+00
2.012617e+01, 0.000000e+00
2.035287e+01, 0.000000e+00
2.057662e+01, 0.000000e+00
2.079739e+01, 0.000000e+00
2.101513e+01, 0.000000e+00
2.122982e+01, 0.000000e+00
2.144141e+01, 0.000000e+00
2.164990e+01, 0.000000e+00
2.185523e+01, 0.000000e+00
2.205739e+01, 0.000000e+00
2.225634e+01, 0.000000e+00
2.245206e+01, 0.000000e+00
2.264452e+01, 0.000000e+00
2.283369e+01, 0.000000e+00
2.301954e+01, 0.000000e+00
2.320205e+01, 0.000000e+00
2.338118e+01, 0.000000e+00
2.355691e+01, 0.000000e+00
2.372920e+01, 0.000000e+00
2.389804e+01, 0.000000e+00
2.406337e+01, 0.000000e+00
2.422518e+01, 0.000000e+00
2.438343e+01, 0.000000e+00
2.453809e+01, 0.000000e+00
2.468911e+01, 0.000000e+00
2.483646e+01, 0.000000e+00
2.498011e+01, 0.000000e+00
2.512000e+01, 0.000000e+00
2.525610e+01, 0.000000e+00
2.538836e+01, 0.000000e+00
2.551673e+01, 0.000000e+00
2.564117e+01, 0.000000e+00
2.576162e+01, 0.000000e+00
2.587803e+01, 0.000000e+00
2.599035e+01, 0.000000e+00
2.609851e+01, 0.000000e+00
2.620246e+01, 0.000000e+00
2.630213e+01, 0.000000e+00
2.639746e+01, 0.000000e+00
2.648838e+01, 0.000000e+00
2.657482e+01, 0.000000e+00
2.665670e+01, 0.000000e+00
2.673397e+01, 0.000000e+00
2.680652e+01, 0.000000e+00
2.687430e+01, 0.000000e+00
2.693722e+01, 0.000000e+00
2.699519e+01, 0.000000e+00
2.704813e+01, 0.000000e+00
2.709595e+01, 0.000000e+00
2.713857e+01, 0.000000e+00
2.717590e+01, 0.000000e+00
2.720783e+01, 0.000000e+00
2.723429e+01, 0.000000e+00
2.725516e+01, 0.000000e+00
2.727037e+01, 0.000000e+00
2.727981e+01, 0.000000e+00
2.728338e+01, 0.000000e+00
2.728098e+01, 0.000000e+00
2.727252e+01, 0.000000e+00
2.725790e+01, 0.000000e+00
2.723701e+01, 0.000000e+00
2.720976e+01, 0.000000e+00
2.717604e+01, 0.000000e+00
2.713575e+01, 0.000000e+00
2.708880e+01, 0.000000e+00
2.703509e+01, 0.000000e+00
2.697452e+01, 0.000000e+00
2.690699e+01, 0.000000e+00
2.683240e+01, 0.000000e+00
2.675066e+01, 0.000000e+00
2.666168e+01, 0.000000e+00
2.656536e+01, 0.000000e+00
2.646162e+01, 0.000000e+00
2.635036e+01, 0.000000e+00
2.623151e+01, 0.000000e+00
2.610497e+01, 0.000000e+00
2.597067e+01, 0.000000e+00
2.582852e+01, 0.000000e+00
2.567845e+01, 0.000000e+00
2.552039e+01, 0.000000e+00
2.535427e+01, 0.000000e+00
2.518002e+01, 0.000000e+00
2.499758e+01, 0.000000e+00
2.480688e+01, 0.000000e+00
2.460787e+01, 0.000000e+00
2.440050e+01, 0.000000e+00
2.418470e+01, 0.000000e+00
2.396045e+01, 0.000000e+00
2.372769e+01, 0.000000e+00
2.348639e+01, 0.000000e+00
2.323650e+01, 0.000000e+00
2.297801e+01, 0.000000e+00
2.271087e+01, 0.000000e+00
2.243507e+01, 0.000000e+00
2.215058e+01, 0.000000e+00
2.185739e+01, 0.000000e+00
2.155549e+01, 0.000000e+00
2.124486e+01, 0.000000e+00
2.092550e+01, 0.000000e+00
2.059741e+01, 0.000000e+00
2.026059e+01, 0.000000e+00
1.991505e+01, 0.000000e+00
1.956078e+01, 0.000000e+00
1.919781e+01, 0.000000e+00
1.882615e+01, 0.000000e+00
1.844582e+01, 0.000000e+00
1.805683e+01, 0.000000e+00
1.765921e+01, 0.000000e+00
1.725300e+01, 0.000000e+00
1.683820e+01, 0.000000e+00
1.641487e+01, 0.000000e+00
1.598303e+01, 0.000000e+00
1.554271e+01, 0.000000e+00
1.509396e+01, 0.000000e+00
1.463681e+01, 0.000000e+00
1.417131e+01, 0.000000e+00
1.369751e+01, 0.000000e+00
1.321543e+01, 0.000000e+00
1.272513e+01, 0.000000e+00
1.222667e+01, 0.000000e+00
1.172007e+01, 0.000000e+00
1.120541e+01, 0.000000e+00
1.068271e+01, 0.000000e+00
1.015204e+01, 0.000000e+00
9.613442e+00, 0.000000e+00
9.066970e+00, 0.000000e+00
8.512674e+00, 0.000000e+00
7.950606e+00, 0.000000e+00
7.380817e+00, 0.000000e+00
6.803358e+00, 0.000000e+00
6.218280e+00, 0.000000e+00
5.625633e+00, 0.000000e+00
5.025469e+00, 0.000000e+00
4.417836e+00, 0.000000e+00
3.802785e+00, 0.000000e+00
3.180364e+00, 0.000000e+00
2.550623e+00, 0.000000e+00
1.913609e+00, 0.000000e+00
1.269370e+00, 0.000000e+00
6.179530e-01, 0.000000e+00
4.059462e-02, 1.800000e+02
7.062267e-01, 1.800000e+02
1.378897e+00, 1.800000e+02
2.058560e+00, 1.800000e+02
2.745170e+00, 1.800000e+02
3.438681e+00, 1.800000e+02
4.139047e+00, 1.800000e+02
4.846223e+00, 1.800000e+02
5.560161e+00, 1.800000e+02
6.280816e+00, 1.800000e+02
7.008140e+00, 1.800000e+02
7.742084e+00, 1.800000e+02
8.482599e+00, 1.800000e+02
9.229634e+00, 1.800000e+02
9.983137e+00, 1.800000e+02
1.074305e+01, 1.800000e+02
1.150933e+01, 1.800000e+02
1.228191e+01, 1.800000e+02
1.306072e+01, 1.800000e+02
1.384571e+01, 1.800000e+02
1.463681e+01, 1.800000e+02
1.543395e+01, 1.800000e+02
1.623706e+01, 1.800000e+02
1.704605e+01, 1.800000e+02
1.786085e+01, 1.800000e+02
1.868137e+01, 1.800000e+02
1.950752e+01, 1.800000e+02
2.033920e+01, 1.800000e+02
2.117631e+01, 1.800000e+02
2.201875e+01, 1.800000e+02
2.286639e+01, 1.800000e+02
2.371912e+01, 1.800000e+02
2.457681e+01, 1.800000e+02
2.543932e+01, 1.800000e+02
2.630652e+01, 1.800000e+02
2.717825e+01, 1.800000e+02
2.805436e+01, 1.800000e+02
2.893468e+01, 1.800000e+02
2.981903e+01, 1.800000e+02
3.070724e+01, 1.800000e+02
3.159910e+01, 1.800000e+02
3.249442e+01, 1.800000e+02
3.339298e+01, 1.800000e+02
3.429457e+01, 1.800000e+02
3.519896e+01, 1.800000e+02
3.610589e+01, 1.800000e+02
3.701513e+01, 1.800000e+02
3.792640e+01, 1.800000e+02
3.883944e+01, 1.800000e+02
3.975396e+01, 1.800000e+02
4.066967e+01, 1.800000e+02
4.158626e+01, 1.800000e+02
4.250342e+01, 1.800000e+02
4.342083e+01, 1.800000e+02
4.433814e+01, 1.800000e+02
4.525501e+01, 1.800000e+02
4.617108e+01, 1.800000e+02
4.708598e+01, 1.800000e+02
4.799934e+01, 1.800000e+02
4.891076e+01, 1.800000e+02
4.981984e+01, 1.800000e+02
5.072618e+01, 1.800000e+02
5.162935e+01, 1.800000e+02
5.252893e+01, 1.800000e+02
5.342449e+01, 1.800000e+02
5.431556e+01, 1.800000e+02
5.520171e+01, 1.800000e+02
5.608247e+01, 1.800000e+02
5.695736e+01, 1.800000e+02
5.782591e+01, 1.800000e+02
5.868764e+01, 1.800000e+02
5.954206e+01, 1.800000e+02
6.038866e+01, 1.800000e+02
6.122696e+01, 1.800000e+02
6.205643e+01, 1.800000e+02
6.287657e+01, 1.800000e+02
6.368687e+01, 1.800000e+02
6.448681e+01, 1.800000e+02
6.527586e+01, 1.800000e+02
6.605351e+01, 1.800000e+02
6.681924e+01, 1.800000e+02
6.757251e+01, 1.800000e+02
6.831281e+01, 1.800000e+02
6.903961e+01, 1.800000e+02
6.975240e+01, 1.800000e+02
7.045064e+01, 1.800000e+02
7.113384e+01, 1.800000e+02
7.180147e+01, 1.800000e+02
7.245303e+01, 1.800000e+02
7.308801e+01, 1.800000e+02
7.370592e+01, 1.800000e+02
7.430626e+01, 1.800000e+02
7.488856e+01, 1.800000e+02
7.545234e+01, 1.800000e+02
7.599713e+01, 1.800000e+02
7.652247e+01, 1.800000e+02
7.702792e+01, 1.800000e+02
7.751304e+01, 1.800000e+02
7.797740e+01, 1.800000e+02
7.842060e+01, 1.800000e+02
7.884223e+01, 1.800000e+02
7.924190e+01, 1.800000e+02
7.961925e+01, 1.800000e+02
7.997391e+01, 1.800000e+02
8.030554e+01, 1.800000e+02
8.061382e+01, 1.800000e+02
8.089842e+01, 1.800000e+02
8.115907e+01, 1.800000e+02
8.139547e+01, 1.800000e+02
8.160738e+01, 1.800000e+02
8.179454e+01, 1.800000e+02
8.195673e+01, 1.800000e+02
8.209376e+01, 1.800000e+02
8.220543e+01, 1.800000e+02
8.229157e+01, 1.800000e+02
8.235204e+01, 1.800000e+02
8.238672e+01, 1.800000e+02
8.239548e+01, 1.800000e+02
8.237826e+01, 1.800000e+02
8.233497e+01, 1.800000e+02
8.226557e+01, 1.800000e+02
8.217004e+01, 1.800000e+02
8.204837e+01, 1.800000e+02
8.190056e+01, 1.800000e+02
8.172666e+01, 1.800000e+02
8.152672e+01, 1.800000e+02
8.130081e+01, 1.800000e+02
8.104903e+01, 1.800000e+02
8.077147e+01, 1.800000e+02
8.046829e+01, 1.800000e+02
8.013962e+01, 1.800000e+02
7.978564e+01, 1.800000e+02
7.940652e+01, 1.800000e+02
7.900249e+01, 1.800000e+02
7.857374e+01, 1.800000e+02
7.812054e+01, 1.800000e+02
7.764312e+01, 1.800000e+02
7.714175e+01, 1.800000e+02
7.661673e+01, 1.800000e+02
7.606835e+01, 1.800000e+02
7.549693e+01, 1.800000e+02
7.490278e+01, 1.800000e+02
7.428626e+01, 1.800000e+02
7.364771e+01, 1.800000e+02
7.298749e+01, 1.800000e+02
7.230597e+01, 1.800000e+02
7.160355e+01, 1.800000e+02
7.088060e+01, 1.800000e+02
7.013753e+01, 1.800000e+02
6.937475e+01, 1.800000e+02
6.859266e+01, 1.800000e+02
6.779170e+01, 1.800000e+02
6.697228e+01, 1.800000e+02
6.613483e+01, 1.800000e+02
6.527979e+01, 1.800000e+02
6.440759e+01, 1.800000e+02
6.351866e+01, 1.800000e+02
6.261346e+01, 1.800000e+02
6.169241e+01, 1.800000e+02
6.075596e+01, 1.800000e+02
5.980454e+01, 1.800000e+02
5.883858e+01, 1.800000e+02
5.785853e+01, 1.800000e+02
5.686481e+01, 1.800000e+02
5.585785e+01, 1.800000e+02
5.483807e+01, 1.800000e+02
5.380588e+01, 1.800000e+02
5.276170e+01, 1.800000e+02
5.170593e+01, 1.800000e+02
5.063896e+01, 1.800000e+02
4.956120e+01, 1.800000e+02
4.847301e+01, 1.800000e+02
4.737477e+01, 1.800000e+02
4.626685e+01, 1.800000e+02
4.514959e+01, 1.800000e+02
4.402335e+01, 1.800000e+02
4.288846e+01, 1.800000e+02
4.174525e+01, 1.800000e+02
4.059402e+01, 1.800000e+02
3.943508e+01, 1.800000e+02
3.826873e+01, 1.800000e+02
3.709524e+01, 1.800000e+02
3.591488e+01, 1.800000e+02
3.472791e+01, 1.800000e+02
3.353458e+01, 1.800000e+02
3.233513e+01, 1.800000e+02
3.112977e+01, 1.800000e+02
2.991872e+01, 1.800000e+02
2.870218e+01, 1.800000e+02
2.748035e+01, 1.800000e+02
2.625339e+01, 1.800000e+02
2.502149e+01, 1.800000e+02
2.378479e+01, 1.800000e+02
2.254346e+01, 1.800000e+02
2.129762e+01, 1.800000e+02
2.004741e+01, 1.800000e+02
1.879296e+01, 1.800000e+02
1.753436e+01, 1.800000e+02
1.627174e+01, 1.800000e+02
1.500518e+01, 1.800000e+02
1.373478e+01, 1.800000e+02
1.246062e+01, 1.800000e+02
1.118278e+01, 1.800000e+02
9.901332e+00, 1.800000e+02
8.616351e+00, 1.800000e+02
7.327901e+00, 1.800000e+02
6.036042e+00, 1.800000e+02
4.740836e+00, 1.800000e+02
3.442338e+00, 1.800000e+02
2.140608e+00, 1.800000e+02
8.357001e-01, 1.800000e+02
4.723281e-01, 0.000000e+00
1.783419e+00, 0.000000e+00
3.097513e+00, 0.000000e+00
4.414549e+00, 0.000000e+00
5.734462e+00, 0.000000e+00
7.057182e+00, 0.000000e+00
8.382636e+00, 0.000000e+00
9.710745e+00, 0.000000e+00
1.104143e+01, 0.000000e+00
1.237458e+01, 0.000000e+00
1.371012e+01, 0.000000e+00
1.504794e+01, 0.000000e+00
1.638791e+01, 0.000000e+00
1.772991e+01, 0.000000e+00
1.907382e+01, 0.000000e+00
2.041948e+01, 0.000000e+00
2.176673e+01, 0.000000e+00
2.311542e+01, 0.000000e+00
2.446536e+01, 0.000000e+00
2.581636e+01, 0.000000e+00
2.716822e+01, 0.000000e+00
2.852072e+01, 0.000000e+00
2.987363e+01, 0.000000e+00
3.122670e+01, 0.000000e+00
3.257967e+01, 0.000000e+00
3.393227e+01, 0.000000e+00
3.528422e+01, 0.000000e+00
3.663521e+01, 0.000000e+00
3.798492e+01, 0.000000e+00
3.933303e+01, 0.000000e+00
4.067917e+01, 0.000000e+00
4.202300e+01, 0.000000e+00
4.336413e+01, 0.000000e+00
4.470217e+01, 0.000000e+00
4.603672e+01, 0.000000e+00
4.736735e+01, 0.000000e+00
4.869363e+01, 0.000000e+00
5.001511e+01, 0.000000e+00
5.133133e+01, 0.000000e+00
5.264180e+01, 0.000000e+00
5.394605e+01, 0.000000e+00
5.524356e+01, 0.000000e+00
5.653383e+01, 0.000000e+00
5.781633e+01, 0.000000e+00
5.909052e+01, 0.000000e+00
6.035585e+01, 0.000000e+00
6.161177e+01, 0.000000e+00
6.285772e+01, 0.000000e+00
6.409311e+01, 0.000000e+00
6.531737e+01, 0.000000e+00
6.652991e+01, 0.000000e+00
6.773013e+01, 0.000000e+00
6.891743e+01, 0.000000e+00
7.009121e+01, 0.000000e+00
7.125086e+01, 0.000000e+00
7.239577e+01, 0.000000e+00
7.352532e+01, 0.000000e+00
7.463891e+01, 0.000000e+00
7.573591e+01, 0.000000e+00
7.681571e+01, 0.000000e+00
7.787770e+01, 0.000000e+00
7.892128e+01, 0.000000e+00
7.994584e+01, 0.000000e+00
8.095077e+01, 0.000000e+00
8.193549e+01, 0.000000e+00
8.289941e+01, 0.000000e+00
8.384195e+01, 0.000000e+00
8.476253e+01, 0.000000e+00
8.566060e+01, 0.000000e+00
8.653560e+01, 0.000000e+00
8.738700e+01, 0.000000e+00
8.821427e+01, 0.000000e+00
8.901690e+01, 0.000000e+00
8.979438e+01, 0.000000e+00
9.054624e+01, 0.000000e+00
9.127200e+01, 0.000000e+00
9.197122e+01, 0.000000e+00
9.264346e+01, 0.000000e+00
9.328831e+01, 0.000000e+00
9.390538e+01, 0.000000e+00
9.449428e+01, 0.000000e+00
9.505467e+01, 0.000000e+00
9.558621e+01, 0.000000e+00
9.608859e+01, 0.000000e+00
9.656153e+01, 0.000000e+00
9.700475e+01, 0.000000e+00
9.741801e+01, 0.000000e+00
9.780110e+01, 0.000000e+00
9.815383e+01, 0.000000e+00
9.847602e+01, 0.000000e+00
9.876754e+01, 0.000000e+00
9.902826e+01, 0.000000e+00
9.925810e+01, 0.000000e+00
9.945699e+01, 0.000000e+00
9.962489e+01, 0.000000e+00
9.976178e+01, 0.000000e+00
9.986769e+01, 0.000000e+00
9.994264e+01, 0.000000e+00
9.998672e+01, 0.000000e+00
1.000000e+02, 0.000000e+00
9.998261e+01, 0.000000e+00
9.993470e+01, 0.000000e+00
9.985643e+01, 0.000000e+00
9.974800e+01, 0.000000e+00
9.960964e+01, 0.000000e+00
9.944159e+01, 0.000000e+00
9.924412e+01, 0.000000e+00
9.901753e+01, 0.000000e+00
9.876214e+01, 0.000000e+00
9.847829e+01, 0.000000e+00
9.816635e+01, 0.000000e+00
9.782671e+01, 0.000000e+00
9.745978e+01, 0.000000e+00
9.706598e+01, 0.000000e+00
9.664577e+01, 0.000000e+00
9.619963e+01, 0.000000e+00
9.572804e+01, 0.000000e+00
9.523151e+01, 0.000000e+00
9.471056e+01, 0.000000e+00
9.416575e+01, 0.000000e+00
9.359762e+01, 0.000000e+00
9.300675e+01, 0.000000e+00
9.239374e+01, 0.000000e+00
9.175917e+01, 0.000000e+00
9.110367e+01, 0.000000e+00
9.042786e+01, 0.000000e+00
8.973237e+01, 0.000000e+00
8.901785e+01, 0.000000e+00
8.828496e+01, 0.000000e+00
8.753435e+01, 0.000000e+00
8.676670e+01, 0.000000e+00
8.598268e+01, 0.000000e+00
8.518297e+01, 0.000000e+00
8.436825e+01, 0.000000e+00
8.353922e+01, 0.000000e+00
8.269655e+01, 0.000000e+00
8.184095e+01, 0.000000e+00
8.097310e+01, 0.000000e+00
8.009369e+01, 0.000000e+00
7.920342e+01, 0.000000e+00
7.830297e+01, 0.000000e+00
7.739303e+01, 0.000000e+00
7.647427e+01, 0.000000e+00
7.554738e+01, 0.000000e+00
7.461302e+01, 0.000000e+00
7.367187e+01, 0.000000e+00
7.272457e+01, 0.000000e+00
7.177178e+01, 0.000000e+00
7.081414e+01, 0.000000e+00
6.985229e+01, 0.000000e+00
6.888684e+01, 0.000000e+00
6.791842e+01, 0.000000e+00
6.694762e+01, 0.000000e+00
6.597504e+01, 0.000000e+00
6.500125e+01, 0.000000e+00
6.402684e+01, 0.000000e+00
6.305234e+01, 0.000000e+00
6.207831e+01, 0.000000e+00
6.110527e+01, 0.000000e+00
6.013374e+01, 0.000000e+00
5.916422e+01, 0.000000e+00
5.819719e+01, 0.000000e+00
5.723314e+01, 0.000000e+00
5.627251e+01, 0.000000e+00
5.531575e+01, 0.000000e+00
5.436328e+01, 0.000000e+00
5.341552e+01, 0.000000e+00
5.247287e+01, 0.000000e+00
5.153571e+01, 0.000000e+00
5.060439e+01, 0.000000e+00
4.967928e+01, 0.000000e+00
4.876071e+01, 0.000000e+00
4.784899e+01, 0.000000e+00
4.694444e+01, 0.000000e+00
4.604733e+01, 0.000000e+00
4.515796e+01, 0.000000e+00
4.427656e+01, 0.000000e+00
4.340340e+01, 0.000000e+00
4.253869e+01, 0.000000e+00
4.168266e+01, 0.000000e+00
4.083551e+01, 0.000000e+00
3.999743e+01, 0.000000e+00
3.916859e+01, 0.000000e+00
3.834914e+01, 0.000000e+00
3.753926e+01, 0.000000e+00
3.673906e+01, 0.000000e+00
3.594867e+01, 0.000000e+00
3.516821e+01, 0.000000e+00
3.439777e+01, 0.000000e+00
3.363745e+01, 0.000000e+00
3.288733e+01, 0.000000e+00
3.214747e+01, 0.000000e+00
3.141793e+01, 0.000000e+00
3.069877e+01, 0.000000e+00
2.999002e+01, 0.000000e+00
2.929172e+01, 0.000000e+00
2.860388e+01, 0.000000e+00
2.792653e+01, 0.000000e+00
2.725968e+01, 0.000000e+00
2.660331e+01, 0.000000e+00
2.595743e+01, 0.000000e+00
2.532203e+01, 0.000000e+00
2.469708e+01, 0.000000e+00
2.408257e+01, 0.000000e+00
2.347846e+01, 0.000000e+00
2.288472e+01, 0.000000e+00
2.230131e+01, 0.000000e+00
2.172818e+01, 0.000000e+00
2.116529e+01, 0.000000e+00
2.061260e+01, 0.000000e+00
2.007004e+01, 0.000000e+00
1.953756e+01, 0.000000e+00
1.901509e+01, 0.000000e+00
1.850259e+01, 0.000000e+00
1.799997e+01, 0.000000e+00
1.750718e+01, 0.000000e+00
1.702415e+01, 0.000000e+00
1.655081e+01, 0.000000e+00
1.608708e+01, 0.000000e+00
1.563289e+01, 0.000000e+00
1.518818e+01, 0.000000e+00
1.475286e+01, 0.000000e+00
1.432686e+01, 0.000000e+00
1.391010e+01, 0.000000e+00
1.350251e+01, 0.000000e+00
1.310401e+01, 0.000000e+00
1.271452e+01, 0.000000e+00
1.233396e+01, 0.000000e+00
1.196226e+01, 0.000000e+00
1.159934e+01, 0.000000e+00
1.124511e+01, 0.000000e+00
1.089950e+01, 0.000000e+00
1.056243e+01, 0.000000e+00
1.023382e+01, 0.000000e+00
9.913591e+00, 0.000000e+00
9.601659e+00, 0.000000e+00
9.297945e+00, 0.000000e+00
9.002368e+00, 0.000000e+00
8.714847e+00, 0.000000e+00
8.435299e+00, 0.000000e+00
8.163642e+00, 0.000000e+00
7.899793e+00, 0.000000e+00
7.643668e+00, 0.000000e+00
7.395183e+00, 0.000000e+00
7.154250e+00, 0.000000e+00
6.920785e+00, 0.000000e+00
6.694700e+00, 0.000000e+00
6.475905e+00, 0.000000e+00
6.264311e+00, 0.000000e+00
6.059827e+00, 0.000000e+00
5.862360e+00, 0.000000e+00
5.671816e+00, 0.000000e+00
##END= 
