##TITLE= Parameter file, XWIN-NMR		Version 3.5
##JCAMPDX= 5.0
##DATATYPE= Parameter Values
##ORIGIN= Bruker Analytik GmbH
##OWNER= guest
$$ Fri Feb 25 15:39:47 2005 CET (UT+1h)  guest@drx500
$$ /opt/xwinnmr3.5/conf/instr/spect/uxnmr.par
##$ACB= 1
##$ACBTAT= (0..15)
0 88 72 72 0 88 88 0 0 0 0 0 0 0 0 0 
##$ACBTBA= (0..15)
0 40 30 50 0 150 180 0 0 0 0 0 0 0 0 0 
##$ACBTCTL= (0..15)
0 0 0 0 0 0 0 0 0 0 0 0 0 0 0 0 
##$ACBTDI= (0..15)
0 70 70 70 0 74 75 0 0 0 0 0 0 0 0 0 
##$ACBTDM= (0..15)
0 8 25 0 0 10 10 0 0 0 0 0 0 0 0 0 
##$ACBTFHI= (0..15)
0 243 600 600 0 243 0 0 0 0 0 0 0 0 0 0 
##$ACBTFL= (0..15)
0 249 250 27 0 249 249 0 0 0 0 0 0 0 0 0 
##$ACBTFLO= (0..15)
0 6 470 470 0 6 0 0 0 0 0 0 0 0 0 0 
##$ACBTOUT= (0..15)
0 2 1 1 0 1 0 0 0 0 0 0 0 0 0 0 
##$ACBTPO= (0..15)
0 300000 50000 500 0 300000 300000 0 0 0 0 0 0 0 0 0 
##$ACBTPW= (0..15)
0 30 100 0 0 200 200 0 0 0 0 0 0 0 0 0 
##$ACBTSB= (0..15)
0 1 1 1 0 0 0 0 0 0 0 0 0 0 0 0 
##$ACBTY= <04>
##$AQSBDHW= (0..31)
255 255 255 255 255 255 255 255 255 255 255 255 255 255 255 255 255 255 
255 255 255 255 255 255 255 255 255 255 255 255 255 255 
##$AQSBDID= (0..31)
255 255 255 255 255 255 255 255 255 255 255 255 255 255 255 255 255 255 
255 255 255 255 255 255 255 255 255 255 255 255 255 255 
##$AQSBDNO= (0..31)
255 255 255 255 255 255 255 255 255 255 255 255 255 255 255 255 255 255 
255 255 255 255 255 255 255 255 255 255 255 255 255 255 
##$AQSBDTY= (0..31)
255 255 255 255 255 255 255 255 255 255 255 255 255 255 255 255 255 255 
255 255 255 255 255 255 255 255 255 255 255 255 255 255 
##$AQSBUAD= (0..31)
255 255 255 255 255 255 255 255 255 255 255 255 255 255 255 255 255 255 
255 255 255 255 255 255 255 255 255 255 255 255 255 255 
##$AQSECL= (0..31)
255 255 255 255 255 255 255 255 255 255 255 255 255 255 255 255 255 255 
255 255 255 255 255 255 255 255 255 255 255 255 255 255 
##$AQSECLS= (0..31)
255 255 255 255 255 255 255 255 255 255 255 255 255 255 255 255 255 255 
255 255 255 255 255 255 255 255 255 255 255 255 255 255 
##$ATT19F= (0..1)
-1 -1 
##$ATT1H= (0..1)
-1 -1 
##$ATT3H= (0..1)
-1 -1 
##$ATTX= (0..1)
-1 -1 
##$ATTY= (0..1)
-1 -1 
##$ATTZ= (0..1)
-1 -1 
##$BACSTY= <no>
##$BARPTY= <no>
##$BFREQ= 500.131
##$BIRDS= no
##$BMPC= 0
##$BMPCTY= <no>
##$BPSUTY= <no>
##$BSMS= 1
##$BSMSTY= <02>
##$CFASMOD= (0..7)
2 2 2 2 0 0 0 0 
##$CFASMUL= (0..7)
1 1 1 1 0 0 0 0 
##$CNFTXDR= (0..7)
3 3 4 4 0 0 0 0 
##$COMDIG2= 0
##$CPDBTY= <no>
##$CRCOTY= <tty13>
##$DIGI140= (0..7)
0 0 0 0 0 0 0 0 
##$DIGIB12= (0..7)
0 0 0 0 0 0 0 0 
##$DIGIB16= (0..7)
0 0 0 0 0 0 0 0 
##$DIGIFA= (0..7)
0 0 0 0 0 0 0 0 
##$DIGIHA= (0..7)
0 0 0 0 0 0 0 0 
##$DIGIHAF= (0..7)
1 0 0 0 0 0 0 0 
##$DIGIHRD= (0..7)
0 0 0 0 0 0 0 0 
##$DIGIIA= (0..7)
0 0 0 0 0 0 0 0 
##$DIGIO16= (0..7)
0 0 0 0 0 0 0 0 
##$DIGISA= (0..7)
0 0 0 0 0 0 0 0 
##$DIGISAF= (0..7)
0 0 0 0 0 0 0 0 
##$DIGISL= (0..7)
0 0 0 0 0 0 0 0 
##$DIGITYI= (0..7)
0 0 0 0 0 0 0 0 
##$DIGITYP= (0..7)
0 0 0 0 0 0 0 0 
##$DIGITZ= 0
##$FCUMEM= (0..7)
258048 258048 258048 258048 0 0 0 0 
##$FCUPAL= (0..7)
3 3 3 3 0 0 0 0 
##$FQMIX= 0
##$FUNCMOD= <>
##$GCUTYPE= 1
##$HFAC= 3
##$HPCU= 0
##$HPCUTY= <no>
##$HPTXLP= (0..3)
-1 -1 -1 -1 
##$HPTXPI= (0..3)
0 0 0 0 
##$HPTXPO= (0..3)
0 0 0 0 
##$HPTXTY= (0..3)
0 0 0 0 
##$IF451= 0
##$IFREQ= 1
##$INTFPR= 0
##$LOCKTY= <03>
##$LOCSWID= 6
##$M2FAC= 0
##$MASTY= <no>
##$MEMPRM= 0
##$MHFAC= 0
##$MXFAC= 0
##$NAMPD1= <1H LNA>
##$NAMPD10= <>
##$NAMPD11= <>
##$NAMPD12= <>
##$NAMPD13= <>
##$NAMPD14= <>
##$NAMPD15= <>
##$NAMPD16= <>
##$NAMPD2= <XBB19F 2HS>
##$NAMPD3= <2H>
##$NAMPD4= <13C>
##$NAMPD5= <15N>
##$NAMPD6= <>
##$NAMPD7= <>
##$NAMPD8= <>
##$NAMPD9= <>
##$NFCU= 4
##$NMRCH= 0
##$NMRMEM= 0
##$NRCU= 1
##$NROUT= 2
##$PAMPF1= (0..15)
75 24 64 96 88 88 0 0 0 0 0 0 0 0 0 0 
##$PAMPF2= (0..15)
0 0 0 0 0 0 0 0 0 0 0 0 0 0 0 0 
##$PAMPF3= (0..15)
0 0 0 0 0 0 0 0 0 0 0 0 0 0 0 0 
##$PAMPF4= (0..15)
0 0 0 0 0 0 0 0 0 0 0 0 0 0 0 0 
##$PAMPF5= (0..15)
0 0 0 0 0 0 0 0 0 0 0 0 0 0 0 0 
##$PAMPF6= (0..15)
0 0 0 0 0 0 0 0 0 0 0 0 0 0 0 0 
##$PAMPF7= (0..15)
0 0 0 0 0 0 0 0 0 0 0 0 0 0 0 0 
##$PAMPF8= (0..15)
0 0 0 0 0 0 0 0 0 0 0 0 0 0 0 0 
##$PH4= 0
##$PHF4TY= <no>
##$POWCHK= no
##$PRAMD1= (0..7)
2 0 0 536870912 0 0 0 0 
##$PRAMD10= (0..7)
0 0 0 0 0 0 0 0 
##$PRAMD11= (0..7)
0 0 0 0 0 0 0 0 
##$PRAMD12= (0..7)
0 0 0 0 0 0 0 0 
##$PRAMD13= (0..7)
0 0 0 0 0 0 0 0 
##$PRAMD14= (0..7)
0 0 0 0 0 0 0 0 
##$PRAMD15= (0..7)
0 0 0 0 0 0 0 0 
##$PRAMD16= (0..7)
0 0 0 0 0 0 0 0 
##$PRAMD2= (0..7)
2147483644 2131230719 2147483647 671088639 0 0 0 0 
##$PRAMD3= (0..7)
0 1048576 0 536870912 0 1048576 0 536870912 
##$PRAMD4= (0..7)
16777216 0 0 536870912 0 0 0 0 
##$PRAMD5= (0..7)
0 0 4 536870912 0 0 0 0 
##$PRAMD6= (0..7)
0 0 0 0 0 0 0 0 
##$PRAMD7= (0..7)
0 0 0 0 0 0 0 0 
##$PRAMD8= (0..7)
0 0 0 0 0 0 0 0 
##$PRAMD9= (0..7)
0 0 0 0 0 0 0 0 
##$PRAMLED= (0..1)
15 15 
##$PRAMP1= <tty10>
##$PRAMP2= <00000000>
##$PRAMP3= <00000000>
##$PRAMP4= <00000000>
##$PRAMP5= <00000000>
##$PRAMP6= <00000000>
##$PRAMP7= <00000000>
##$PRAMP8= <00000000>
##$PRAMPTP= 1
##$PREPTY= <06>
##$PRESHLD= 1
##$PTS160= -1
##$PTSA2X= (0..7)
0 0 0 0 0 0 0 0 
##$PTSF2X= (0..7)
500 500 500 309 0 0 0 0 
##$PTSFMX= (0..7)
1000 1000 1000 620 0 0 0 0 
##$PULCHK= no
##$RCUCDS= (0..7)
4194304 0 0 0 0 0 0 0 
##$RCUCFS= (0..7)
4096 0 0 0 0 0 0 0 
##$RCUCSS= (0..7)
262144 0 0 0 0 0 0 0 
##$RCUI2C1= (0..7)
78 66 0 0 0 0 0 0 
##$RCUI2C2= (0..7)
0 0 0 0 0 0 0 0 
##$RCUI2C3= (0..7)
0 0 0 0 0 0 0 0 
##$RCUI2C4= (0..7)
0 0 0 0 0 0 0 0 
##$RCUI2C5= (0..7)
0 0 0 0 0 0 0 0 
##$RCUI2C6= (0..7)
0 0 0 0 0 0 0 0 
##$RCUI2C7= (0..7)
0 0 0 0 0 0 0 0 
##$RCUI2C8= (0..7)
0 0 0 0 0 0 0 0 
##$RDCU= 0
##$RGTYPE= (0..7)
5 0 0 0 0 0 0 0 
##$RG_max= (0..7)
46341 0 0 0 0 0 0 0 
##$RG_min= (0..7)
1 0 0 0 0 0 0 0 
##$ROUTER= 2
##$RX22TY= <tty10>
##$SCMTY= <no>
##$SPECTR= 5
##$SY2FLAG= 0
##$TFXNUM= 0
##$TRIPLO2= 0
##$VTUTY= <05>
##$WBREFAM= (0..15)
100 100 100 100 100 100 100 100 100 100 100 100 100 100 100 100 
##$WBREFPH= (0..15)
0 0 0 0 0 0 0 0 0 0 0 0 0 0 0 0 
##$XFAC= 2
##END=
