##TITLE= Parameter file, TOPSPIN		Version 3.2
##JCAMPDX= 5.0
##DATATYPE= Parameter Values
##NPOINTS= 9	$$ modification sequence number
##ORIGIN= Bruker BioSpin GmbH
##OWNER= gabrielc
$$ 2014-03-17 13:40:30.016 -0500  gabrielc@telemark
$$ /home/gabrielc/nmr/rna/49/pdata/1/clevels
$$ process /opt/topspin3.2.5/prog/mod/dataserver
##$LEVELS= (0..255)
-40359741.207384 -22422078.4485468 -12456710.2491926 -6920394.58288481
-3844663.65715821 -2135924.25397679 -1186624.58554266 -659235.880857033
659235.880857033 1186624.58554266 2135924.25397679 3844663.65715821 6920394.58288481
12456710.2491926 22422078.4485468 40359741.207384 0 0 0 0 0 0 0 0 0 0 0
0 0 0 0 0 0 0 0 0 0 0 0 0 0 0 0 0 0 0 0 0 0 0 0 0 0 0 0 0 0 0 0 0 0 0 0
0 0 0 0 0 0 0 0 0 0 0 0 0 0 0 0 0 0 0 0 0 0 0 0 0 0 0 0 0 0 0 0 0 0 0 0
0 0 0 0 0 0 0 0 0 0 0 0 0 0 0 0 0 0 0 0 0 0 0 0 0 0 0 0 0 0 0 0 0 0 0 0
0 0 0 0 0 0 0 0 0 0 0 0 0 0 0 0 0 0 0 0 0 0 0 0 0 0 0 0 0 0 0 0 0 0 0 0
0 0 0 0 0 0 0 0 0 0 0 0 0 0 0 0 0 0 0 0 0 0 0 0 0 0 0 0 0 0 0 0 0 0 0 0
0 0 0 0 0 0 0 0 0 0 0 0 0 0 0 0 0 0 0 0 0 0 0 0 0 0 0 0 0 0 0 0 0 0 0 0
0 0 0 0 0 0 0 0 0 0 0 0 0
##$LEVSIGN= 3
##$MAXLEV= 8
##$METHOD= 0
##$NEGBASE= -97996
##$NEGINCR= 1.8
##$POSBASE= 97996
##$POSINCR= 1.8
##END=
